90 90
0 0 9
0 1 9
0 2 9
0 3 9
0 4 9
0 5 9
0 6 9
0 7 9
0 8 9
0 9 9
0 10 9
0 11 9
0 12 9
0 13 9
0 14 9
0 15 9
0 16 9
0 17 9
0 18 9
0 19 0
0 20 0
0 21 0
0 22 0
0 23 0
0 24 0
0 25 0
0 26 3
0 27 3
0 28 3
0 29 3
0 30 3
0 31 3
0 32 3
0 33 3
0 34 3
0 35 3
0 36 3
0 37 3
0 38 3
0 39 3
0 40 4
0 41 4
0 42 4
0 43 4
0 44 4
0 45 4
0 46 4
0 47 4
0 48 4
0 49 4
0 50 4
0 51 4
0 52 4
0 53 4
0 54 4
0 55 4
0 56 4
0 57 4
0 58 4
0 59 5
0 60 5
0 61 5
0 62 5
0 63 5
0 64 5
0 65 5
0 66 5
0 67 5
0 68 5
0 69 5
0 70 5
0 71 5
0 72 5
0 73 5
0 74 5
0 75 5
0 76 5
0 77 5
0 78 5
0 79 5
0 80 0
0 81 0
0 82 0
0 83 0
0 84 9
0 85 9
0 86 9
0 87 9
0 88 9
0 89 9
1 0 9
1 1 9
1 2 9
1 3 9
1 4 9
1 5 9
1 6 9
1 7 9
1 8 9
1 9 9
1 10 9
1 11 9
1 12 9
1 13 9
1 14 9
1 15 9
1 16 9
1 17 9
1 18 9
1 19 0
1 20 0
1 21 0
1 22 0
1 23 0
1 24 0
1 25 0
1 26 3
1 27 3
1 28 3
1 29 3
1 30 3
1 31 3
1 32 3
1 33 3
1 34 3
1 35 3
1 36 3
1 37 3
1 38 3
1 39 3
1 40 3
1 41 4
1 42 4
1 43 4
1 44 4
1 45 4
1 46 4
1 47 4
1 48 4
1 49 4
1 50 4
1 51 4
1 52 4
1 53 4
1 54 4
1 55 4
1 56 4
1 57 4
1 58 4
1 59 5
1 60 5
1 61 5
1 62 5
1 63 5
1 64 5
1 65 5
1 66 5
1 67 5
1 68 5
1 69 5
1 70 5
1 71 5
1 72 5
1 73 5
1 74 5
1 75 5
1 76 5
1 77 5
1 78 5
1 79 5
1 80 0
1 81 0
1 82 0
1 83 0
1 84 9
1 85 9
1 86 9
1 87 9
1 88 9
1 89 9
2 0 9
2 1 9
2 2 9
2 3 9
2 4 9
2 5 9
2 6 9
2 7 9
2 8 9
2 9 9
2 10 9
2 11 9
2 12 9
2 13 9
2 14 9
2 15 9
2 16 9
2 17 9
2 18 9
2 19 0
2 20 0
2 21 0
2 22 0
2 23 0
2 24 0
2 25 0
2 26 3
2 27 3
2 28 3
2 29 3
2 30 3
2 31 3
2 32 3
2 33 3
2 34 3
2 35 3
2 36 3
2 37 3
2 38 3
2 39 3
2 40 3
2 41 3
2 42 4
2 43 4
2 44 4
2 45 4
2 46 4
2 47 4
2 48 4
2 49 4
2 50 4
2 51 4
2 52 4
2 53 4
2 54 4
2 55 4
2 56 4
2 57 4
2 58 4
2 59 5
2 60 5
2 61 5
2 62 5
2 63 5
2 64 5
2 65 5
2 66 5
2 67 5
2 68 5
2 69 5
2 70 5
2 71 5
2 72 5
2 73 5
2 74 5
2 75 5
2 76 5
2 77 5
2 78 5
2 79 5
2 80 0
2 81 0
2 82 0
2 83 0
2 84 9
2 85 9
2 86 9
2 87 9
2 88 9
2 89 9
3 0 9
3 1 9
3 2 9
3 3 9
3 4 9
3 5 9
3 6 9
3 7 9
3 8 9
3 9 9
3 10 9
3 11 9
3 12 9
3 13 9
3 14 9
3 15 9
3 16 9
3 17 9
3 18 9
3 19 0
3 20 0
3 21 0
3 22 0
3 23 0
3 24 0
3 25 0
3 26 3
3 27 3
3 28 3
3 29 3
3 30 3
3 31 3
3 32 3
3 33 3
3 34 3
3 35 3
3 36 3
3 37 3
3 38 3
3 39 3
3 40 3
3 41 3
3 42 3
3 43 4
3 44 4
3 45 4
3 46 4
3 47 4
3 48 4
3 49 4
3 50 4
3 51 4
3 52 4
3 53 4
3 54 4
3 55 4
3 56 4
3 57 4
3 58 4
3 59 5
3 60 5
3 61 5
3 62 5
3 63 5
3 64 5
3 65 5
3 66 5
3 67 5
3 68 5
3 69 5
3 70 5
3 71 5
3 72 5
3 73 5
3 74 5
3 75 5
3 76 5
3 77 5
3 78 5
3 79 5
3 80 0
3 81 0
3 82 0
3 83 0
3 84 9
3 85 9
3 86 9
3 87 9
3 88 9
3 89 9
4 0 9
4 1 9
4 2 9
4 3 9
4 4 9
4 5 9
4 6 9
4 7 9
4 8 9
4 9 9
4 10 9
4 11 9
4 12 9
4 13 9
4 14 9
4 15 9
4 16 9
4 17 9
4 18 9
4 19 0
4 20 0
4 21 0
4 22 0
4 23 0
4 24 0
4 25 0
4 26 3
4 27 3
4 28 3
4 29 3
4 30 3
4 31 3
4 32 3
4 33 3
4 34 3
4 35 3
4 36 3
4 37 3
4 38 3
4 39 3
4 40 3
4 41 3
4 42 3
4 43 3
4 44 4
4 45 4
4 46 4
4 47 4
4 48 4
4 49 4
4 50 4
4 51 4
4 52 4
4 53 4
4 54 4
4 55 4
4 56 4
4 57 4
4 58 4
4 59 5
4 60 5
4 61 5
4 62 5
4 63 5
4 64 5
4 65 5
4 66 5
4 67 5
4 68 5
4 69 5
4 70 5
4 71 5
4 72 5
4 73 5
4 74 5
4 75 5
4 76 5
4 77 5
4 78 5
4 79 5
4 80 0
4 81 0
4 82 0
4 83 0
4 84 9
4 85 9
4 86 9
4 87 9
4 88 9
4 89 9
5 0 9
5 1 9
5 2 9
5 3 9
5 4 9
5 5 9
5 6 9
5 7 9
5 8 9
5 9 9
5 10 9
5 11 9
5 12 9
5 13 9
5 14 9
5 15 9
5 16 9
5 17 9
5 18 9
5 19 0
5 20 0
5 21 0
5 22 0
5 23 0
5 24 0
5 25 0
5 26 3
5 27 3
5 28 3
5 29 3
5 30 3
5 31 3
5 32 3
5 33 3
5 34 3
5 35 3
5 36 3
5 37 3
5 38 3
5 39 3
5 40 3
5 41 3
5 42 3
5 43 3
5 44 3
5 45 4
5 46 4
5 47 4
5 48 4
5 49 4
5 50 4
5 51 4
5 52 4
5 53 4
5 54 4
5 55 4
5 56 4
5 57 4
5 58 4
5 59 5
5 60 5
5 61 5
5 62 5
5 63 5
5 64 5
5 65 5
5 66 5
5 67 5
5 68 5
5 69 5
5 70 5
5 71 5
5 72 5
5 73 5
5 74 5
5 75 5
5 76 5
5 77 5
5 78 5
5 79 5
5 80 0
5 81 0
5 82 0
5 83 0
5 84 9
5 85 9
5 86 9
5 87 9
5 88 9
5 89 9
6 0 9
6 1 9
6 2 9
6 3 9
6 4 9
6 5 9
6 6 9
6 7 9
6 8 9
6 9 9
6 10 9
6 11 9
6 12 9
6 13 9
6 14 9
6 15 9
6 16 9
6 17 9
6 18 9
6 19 0
6 20 0
6 21 0
6 22 0
6 23 0
6 24 0
6 25 0
6 26 3
6 27 3
6 28 3
6 29 3
6 30 3
6 31 3
6 32 3
6 33 3
6 34 3
6 35 3
6 36 3
6 37 3
6 38 3
6 39 3
6 40 3
6 41 3
6 42 3
6 43 3
6 44 3
6 45 4
6 46 4
6 47 4
6 48 4
6 49 4
6 50 4
6 51 4
6 52 4
6 53 4
6 54 4
6 55 4
6 56 4
6 57 4
6 58 4
6 59 5
6 60 5
6 61 5
6 62 5
6 63 5
6 64 5
6 65 5
6 66 5
6 67 5
6 68 5
6 69 5
6 70 5
6 71 5
6 72 5
6 73 5
6 74 5
6 75 5
6 76 5
6 77 5
6 78 5
6 79 5
6 80 0
6 81 0
6 82 0
6 83 0
6 84 9
6 85 9
6 86 9
6 87 9
6 88 9
6 89 9
7 0 9
7 1 9
7 2 9
7 3 9
7 4 9
7 5 9
7 6 9
7 7 9
7 8 9
7 9 9
7 10 9
7 11 9
7 12 9
7 13 9
7 14 9
7 15 9
7 16 9
7 17 9
7 18 9
7 19 0
7 20 0
7 21 0
7 22 0
7 23 0
7 24 0
7 25 0
7 26 3
7 27 3
7 28 3
7 29 3
7 30 3
7 31 3
7 32 3
7 33 3
7 34 3
7 35 3
7 36 3
7 37 3
7 38 3
7 39 3
7 40 3
7 41 3
7 42 3
7 43 3
7 44 3
7 45 3
7 46 4
7 47 4
7 48 4
7 49 4
7 50 4
7 51 4
7 52 4
7 53 4
7 54 4
7 55 4
7 56 4
7 57 4
7 58 4
7 59 5
7 60 5
7 61 5
7 62 5
7 63 5
7 64 5
7 65 5
7 66 5
7 67 5
7 68 5
7 69 5
7 70 5
7 71 5
7 72 5
7 73 5
7 74 5
7 75 5
7 76 5
7 77 5
7 78 5
7 79 5
7 80 0
7 81 0
7 82 0
7 83 0
7 84 9
7 85 9
7 86 9
7 87 9
7 88 9
7 89 9
8 0 9
8 1 9
8 2 9
8 3 9
8 4 9
8 5 9
8 6 9
8 7 9
8 8 9
8 9 9
8 10 9
8 11 9
8 12 9
8 13 9
8 14 9
8 15 9
8 16 9
8 17 9
8 18 9
8 19 0
8 20 0
8 21 0
8 22 0
8 23 0
8 24 0
8 25 0
8 26 3
8 27 3
8 28 3
8 29 3
8 30 3
8 31 3
8 32 3
8 33 3
8 34 3
8 35 3
8 36 3
8 37 3
8 38 3
8 39 3
8 40 3
8 41 3
8 42 3
8 43 3
8 44 3
8 45 3
8 46 3
8 47 4
8 48 4
8 49 4
8 50 4
8 51 4
8 52 4
8 53 4
8 54 4
8 55 4
8 56 4
8 57 4
8 58 4
8 59 5
8 60 5
8 61 5
8 62 5
8 63 5
8 64 5
8 65 5
8 66 5
8 67 5
8 68 5
8 69 5
8 70 5
8 71 5
8 72 5
8 73 5
8 74 5
8 75 5
8 76 5
8 77 5
8 78 5
8 79 5
8 80 0
8 81 0
8 82 0
8 83 0
8 84 9
8 85 9
8 86 9
8 87 9
8 88 9
8 89 9
9 0 9
9 1 9
9 2 9
9 3 9
9 4 9
9 5 9
9 6 9
9 7 9
9 8 9
9 9 9
9 10 9
9 11 9
9 12 9
9 13 9
9 14 9
9 15 9
9 16 9
9 17 9
9 18 9
9 19 0
9 20 0
9 21 0
9 22 0
9 23 0
9 24 0
9 25 0
9 26 3
9 27 3
9 28 3
9 29 3
9 30 3
9 31 3
9 32 3
9 33 3
9 34 3
9 35 3
9 36 3
9 37 3
9 38 3
9 39 3
9 40 3
9 41 3
9 42 3
9 43 3
9 44 3
9 45 3
9 46 3
9 47 3
9 48 4
9 49 4
9 50 4
9 51 4
9 52 4
9 53 4
9 54 4
9 55 4
9 56 4
9 57 4
9 58 4
9 59 5
9 60 5
9 61 5
9 62 5
9 63 5
9 64 5
9 65 5
9 66 5
9 67 5
9 68 5
9 69 5
9 70 5
9 71 5
9 72 5
9 73 5
9 74 5
9 75 5
9 76 5
9 77 5
9 78 5
9 79 5
9 80 0
9 81 0
9 82 0
9 83 0
9 84 9
9 85 9
9 86 9
9 87 9
9 88 9
9 89 9
10 0 9
10 1 9
10 2 9
10 3 9
10 4 9
10 5 9
10 6 9
10 7 9
10 8 9
10 9 9
10 10 9
10 11 9
10 12 9
10 13 9
10 14 9
10 15 9
10 16 9
10 17 9
10 18 9
10 19 0
10 20 0
10 21 0
10 22 0
10 23 0
10 24 0
10 25 0
10 26 3
10 27 3
10 28 3
10 29 3
10 30 3
10 31 3
10 32 3
10 33 3
10 34 3
10 35 3
10 36 3
10 37 3
10 38 3
10 39 3
10 40 3
10 41 3
10 42 3
10 43 3
10 44 3
10 45 3
10 46 3
10 47 3
10 48 3
10 49 4
10 50 4
10 51 4
10 52 4
10 53 4
10 54 4
10 55 4
10 56 4
10 57 4
10 58 5
10 59 5
10 60 5
10 61 5
10 62 5
10 63 5
10 64 5
10 65 5
10 66 5
10 67 5
10 68 5
10 69 5
10 70 5
10 71 5
10 72 5
10 73 5
10 74 5
10 75 5
10 76 5
10 77 5
10 78 5
10 79 5
10 80 0
10 81 0
10 82 0
10 83 0
10 84 9
10 85 9
10 86 9
10 87 9
10 88 9
10 89 9
11 0 9
11 1 9
11 2 9
11 3 9
11 4 9
11 5 9
11 6 9
11 7 9
11 8 9
11 9 9
11 10 9
11 11 9
11 12 9
11 13 9
11 14 9
11 15 9
11 16 9
11 17 9
11 18 9
11 19 0
11 20 0
11 21 0
11 22 0
11 23 0
11 24 0
11 25 0
11 26 3
11 27 3
11 28 3
11 29 3
11 30 3
11 31 3
11 32 3
11 33 3
11 34 3
11 35 3
11 36 3
11 37 3
11 38 3
11 39 3
11 40 3
11 41 3
11 42 3
11 43 3
11 44 3
11 45 3
11 46 3
11 47 3
11 48 3
11 49 3
11 50 4
11 51 4
11 52 4
11 53 4
11 54 4
11 55 4
11 56 4
11 57 5
11 58 5
11 59 5
11 60 5
11 61 5
11 62 5
11 63 5
11 64 5
11 65 5
11 66 5
11 67 5
11 68 5
11 69 5
11 70 5
11 71 5
11 72 5
11 73 5
11 74 5
11 75 5
11 76 5
11 77 5
11 78 5
11 79 5
11 80 0
11 81 0
11 82 0
11 83 0
11 84 9
11 85 9
11 86 9
11 87 9
11 88 9
11 89 9
12 0 9
12 1 9
12 2 9
12 3 9
12 4 9
12 5 9
12 6 9
12 7 9
12 8 9
12 9 9
12 10 9
12 11 9
12 12 9
12 13 9
12 14 9
12 15 9
12 16 9
12 17 9
12 18 9
12 19 0
12 20 0
12 21 0
12 22 0
12 23 0
12 24 0
12 25 0
12 26 3
12 27 3
12 28 3
12 29 3
12 30 3
12 31 3
12 32 3
12 33 3
12 34 3
12 35 3
12 36 3
12 37 3
12 38 3
12 39 3
12 40 3
12 41 3
12 42 3
12 43 3
12 44 3
12 45 3
12 46 3
12 47 3
12 48 3
12 49 3
12 50 3
12 51 4
12 52 4
12 53 4
12 54 4
12 55 4
12 56 5
12 57 5
12 58 5
12 59 5
12 60 5
12 61 5
12 62 5
12 63 5
12 64 5
12 65 5
12 66 5
12 67 5
12 68 5
12 69 5
12 70 5
12 71 5
12 72 5
12 73 5
12 74 5
12 75 5
12 76 5
12 77 5
12 78 5
12 79 5
12 80 0
12 81 0
12 82 0
12 83 0
12 84 9
12 85 9
12 86 9
12 87 9
12 88 9
12 89 9
13 0 9
13 1 9
13 2 9
13 3 9
13 4 9
13 5 9
13 6 9
13 7 9
13 8 9
13 9 9
13 10 9
13 11 9
13 12 9
13 13 9
13 14 9
13 15 9
13 16 9
13 17 9
13 18 9
13 19 0
13 20 0
13 21 0
13 22 0
13 23 0
13 24 0
13 25 0
13 26 3
13 27 3
13 28 3
13 29 3
13 30 3
13 31 3
13 32 3
13 33 3
13 34 3
13 35 3
13 36 3
13 37 3
13 38 3
13 39 3
13 40 3
13 41 3
13 42 3
13 43 3
13 44 3
13 45 3
13 46 3
13 47 3
13 48 3
13 49 3
13 50 3
13 51 0
13 52 0
13 53 0
13 54 0
13 55 5
13 56 5
13 57 5
13 58 5
13 59 5
13 60 5
13 61 5
13 62 5
13 63 5
13 64 5
13 65 5
13 66 5
13 67 5
13 68 5
13 69 5
13 70 5
13 71 5
13 72 5
13 73 5
13 74 5
13 75 5
13 76 5
13 77 5
13 78 5
13 79 5
13 80 0
13 81 0
13 82 0
13 83 0
13 84 9
13 85 9
13 86 9
13 87 9
13 88 9
13 89 9
14 0 9
14 1 9
14 2 9
14 3 9
14 4 9
14 5 9
14 6 9
14 7 9
14 8 9
14 9 9
14 10 9
14 11 9
14 12 9
14 13 9
14 14 9
14 15 9
14 16 9
14 17 9
14 18 9
14 19 0
14 20 0
14 21 0
14 22 0
14 23 0
14 24 0
14 25 0
14 26 3
14 27 3
14 28 3
14 29 3
14 30 3
14 31 3
14 32 3
14 33 3
14 34 3
14 35 3
14 36 3
14 37 3
14 38 3
14 39 3
14 40 3
14 41 3
14 42 3
14 43 3
14 44 3
14 45 3
14 46 3
14 47 3
14 48 3
14 49 3
14 50 3
14 51 0
14 52 0
14 53 0
14 54 0
14 55 5
14 56 5
14 57 5
14 58 5
14 59 5
14 60 5
14 61 5
14 62 5
14 63 5
14 64 5
14 65 5
14 66 5
14 67 5
14 68 5
14 69 5
14 70 5
14 71 5
14 72 5
14 73 5
14 74 5
14 75 5
14 76 5
14 77 5
14 78 5
14 79 5
14 80 7
14 81 7
14 82 7
14 83 7
14 84 7
14 85 9
14 86 9
14 87 9
14 88 9
14 89 9
15 0 9
15 1 9
15 2 9
15 3 9
15 4 9
15 5 9
15 6 9
15 7 9
15 8 9
15 9 9
15 10 9
15 11 9
15 12 9
15 13 9
15 14 9
15 15 9
15 16 9
15 17 9
15 18 9
15 19 0
15 20 0
15 21 0
15 22 0
15 23 0
15 24 0
15 25 0
15 26 3
15 27 3
15 28 3
15 29 3
15 30 3
15 31 3
15 32 3
15 33 3
15 34 3
15 35 3
15 36 3
15 37 3
15 38 3
15 39 3
15 40 3
15 41 3
15 42 3
15 43 3
15 44 3
15 45 3
15 46 3
15 47 3
15 48 3
15 49 3
15 50 3
15 51 0
15 52 0
15 53 0
15 54 0
15 55 5
15 56 5
15 57 5
15 58 5
15 59 5
15 60 5
15 61 5
15 62 5
15 63 5
15 64 5
15 65 5
15 66 5
15 67 5
15 68 5
15 69 5
15 70 5
15 71 5
15 72 5
15 73 5
15 74 5
15 75 5
15 76 5
15 77 5
15 78 5
15 79 7
15 80 7
15 81 7
15 82 7
15 83 7
15 84 7
15 85 9
15 86 9
15 87 9
15 88 9
15 89 9
16 0 9
16 1 9
16 2 9
16 3 9
16 4 9
16 5 9
16 6 9
16 7 9
16 8 9
16 9 9
16 10 9
16 11 9
16 12 9
16 13 9
16 14 9
16 15 9
16 16 9
16 17 9
16 18 9
16 19 0
16 20 0
16 21 0
16 22 0
16 23 0
16 24 0
16 25 0
16 26 3
16 27 3
16 28 3
16 29 3
16 30 3
16 31 3
16 32 3
16 33 3
16 34 3
16 35 3
16 36 3
16 37 3
16 38 3
16 39 3
16 40 3
16 41 3
16 42 3
16 43 3
16 44 3
16 45 3
16 46 3
16 47 3
16 48 3
16 49 3
16 50 3
16 51 0
16 52 0
16 53 0
16 54 0
16 55 5
16 56 5
16 57 5
16 58 5
16 59 5
16 60 5
16 61 5
16 62 5
16 63 5
16 64 5
16 65 5
16 66 5
16 67 5
16 68 5
16 69 5
16 70 5
16 71 5
16 72 5
16 73 5
16 74 5
16 75 5
16 76 5
16 77 5
16 78 7
16 79 7
16 80 7
16 81 7
16 82 7
16 83 7
16 84 7
16 85 9
16 86 9
16 87 9
16 88 9
16 89 9
17 0 9
17 1 9
17 2 9
17 3 9
17 4 9
17 5 9
17 6 9
17 7 9
17 8 9
17 9 9
17 10 9
17 11 9
17 12 9
17 13 9
17 14 9
17 15 9
17 16 9
17 17 9
17 18 9
17 19 0
17 20 0
17 21 0
17 22 0
17 23 0
17 24 0
17 25 0
17 26 3
17 27 3
17 28 3
17 29 3
17 30 3
17 31 3
17 32 3
17 33 3
17 34 3
17 35 3
17 36 3
17 37 3
17 38 3
17 39 3
17 40 3
17 41 3
17 42 3
17 43 3
17 44 3
17 45 3
17 46 3
17 47 3
17 48 3
17 49 3
17 50 3
17 51 0
17 52 0
17 53 0
17 54 0
17 55 5
17 56 5
17 57 5
17 58 5
17 59 5
17 60 5
17 61 5
17 62 5
17 63 7
17 64 7
17 65 7
17 66 7
17 67 7
17 68 7
17 69 7
17 70 7
17 71 7
17 72 7
17 73 7
17 74 7
17 75 7
17 76 7
17 77 7
17 78 7
17 79 7
17 80 7
17 81 7
17 82 7
17 83 7
17 84 7
17 85 9
17 86 9
17 87 9
17 88 9
17 89 9
18 0 9
18 1 9
18 2 9
18 3 9
18 4 9
18 5 9
18 6 9
18 7 9
18 8 9
18 9 9
18 10 9
18 11 9
18 12 9
18 13 9
18 14 9
18 15 9
18 16 9
18 17 9
18 18 9
18 19 0
18 20 0
18 21 0
18 22 0
18 23 0
18 24 0
18 25 0
18 26 3
18 27 3
18 28 3
18 29 3
18 30 3
18 31 3
18 32 3
18 33 3
18 34 3
18 35 3
18 36 3
18 37 3
18 38 3
18 39 3
18 40 3
18 41 3
18 42 3
18 43 3
18 44 3
18 45 3
18 46 3
18 47 3
18 48 3
18 49 3
18 50 3
18 51 0
18 52 0
18 53 0
18 54 0
18 55 5
18 56 5
18 57 5
18 58 5
18 59 5
18 60 5
18 61 5
18 62 7
18 63 7
18 64 7
18 65 7
18 66 7
18 67 7
18 68 7
18 69 7
18 70 7
18 71 7
18 72 7
18 73 7
18 74 7
18 75 7
18 76 7
18 77 7
18 78 7
18 79 7
18 80 7
18 81 7
18 82 7
18 83 7
18 84 7
18 85 8
18 86 9
18 87 9
18 88 9
18 89 9
19 0 9
19 1 9
19 2 9
19 3 9
19 4 9
19 5 9
19 6 9
19 7 9
19 8 9
19 9 9
19 10 9
19 11 9
19 12 9
19 13 9
19 14 9
19 15 9
19 16 9
19 17 9
19 18 9
19 19 0
19 20 0
19 21 0
19 22 0
19 23 0
19 24 0
19 25 0
19 26 3
19 27 3
19 28 3
19 29 3
19 30 3
19 31 3
19 32 3
19 33 3
19 34 3
19 35 3
19 36 3
19 37 3
19 38 3
19 39 3
19 40 3
19 41 3
19 42 3
19 43 3
19 44 3
19 45 3
19 46 3
19 47 3
19 48 3
19 49 3
19 50 3
19 51 6
19 52 6
19 53 6
19 54 6
19 55 6
19 56 6
19 57 6
19 58 0
19 59 0
19 60 0
19 61 7
19 62 7
19 63 7
19 64 7
19 65 7
19 66 7
19 67 7
19 68 7
19 69 7
19 70 7
19 71 7
19 72 7
19 73 7
19 74 7
19 75 7
19 76 7
19 77 7
19 78 7
19 79 7
19 80 7
19 81 7
19 82 7
19 83 7
19 84 8
19 85 8
19 86 9
19 87 9
19 88 9
19 89 9
20 0 9
20 1 9
20 2 9
20 3 9
20 4 9
20 5 9
20 6 9
20 7 9
20 8 9
20 9 9
20 10 9
20 11 9
20 12 9
20 13 9
20 14 9
20 15 9
20 16 9
20 17 9
20 18 9
20 19 0
20 20 0
20 21 0
20 22 0
20 23 0
20 24 0
20 25 0
20 26 3
20 27 3
20 28 3
20 29 3
20 30 3
20 31 3
20 32 3
20 33 3
20 34 3
20 35 3
20 36 3
20 37 3
20 38 3
20 39 3
20 40 3
20 41 3
20 42 3
20 43 3
20 44 3
20 45 3
20 46 3
20 47 3
20 48 3
20 49 3
20 50 6
20 51 6
20 52 6
20 53 6
20 54 6
20 55 6
20 56 6
20 57 6
20 58 0
20 59 0
20 60 0
20 61 7
20 62 7
20 63 7
20 64 7
20 65 7
20 66 7
20 67 7
20 68 7
20 69 7
20 70 7
20 71 7
20 72 7
20 73 7
20 74 7
20 75 7
20 76 7
20 77 7
20 78 7
20 79 7
20 80 7
20 81 7
20 82 7
20 83 8
20 84 8
20 85 8
20 86 9
20 87 9
20 88 9
20 89 9
21 0 9
21 1 9
21 2 9
21 3 9
21 4 9
21 5 9
21 6 9
21 7 9
21 8 9
21 9 9
21 10 9
21 11 9
21 12 9
21 13 9
21 14 9
21 15 9
21 16 9
21 17 9
21 18 9
21 19 0
21 20 0
21 21 0
21 22 0
21 23 0
21 24 0
21 25 0
21 26 3
21 27 3
21 28 3
21 29 3
21 30 3
21 31 3
21 32 3
21 33 3
21 34 3
21 35 3
21 36 3
21 37 3
21 38 3
21 39 3
21 40 3
21 41 3
21 42 3
21 43 3
21 44 3
21 45 3
21 46 3
21 47 3
21 48 3
21 49 6
21 50 6
21 51 6
21 52 6
21 53 6
21 54 6
21 55 6
21 56 6
21 57 6
21 58 0
21 59 0
21 60 0
21 61 7
21 62 7
21 63 7
21 64 7
21 65 7
21 66 7
21 67 7
21 68 7
21 69 7
21 70 7
21 71 7
21 72 7
21 73 7
21 74 7
21 75 7
21 76 7
21 77 7
21 78 7
21 79 7
21 80 7
21 81 7
21 82 8
21 83 8
21 84 8
21 85 8
21 86 9
21 87 9
21 88 9
21 89 9
22 0 9
22 1 9
22 2 9
22 3 9
22 4 9
22 5 9
22 6 9
22 7 9
22 8 9
22 9 9
22 10 9
22 11 9
22 12 9
22 13 9
22 14 9
22 15 9
22 16 9
22 17 9
22 18 9
22 19 0
22 20 0
22 21 0
22 22 0
22 23 0
22 24 0
22 25 0
22 26 3
22 27 3
22 28 3
22 29 3
22 30 3
22 31 3
22 32 3
22 33 3
22 34 3
22 35 6
22 36 6
22 37 6
22 38 6
22 39 6
22 40 6
22 41 6
22 42 6
22 43 6
22 44 6
22 45 6
22 46 6
22 47 6
22 48 6
22 49 6
22 50 6
22 51 6
22 52 6
22 53 6
22 54 6
22 55 6
22 56 6
22 57 6
22 58 0
22 59 0
22 60 0
22 61 7
22 62 7
22 63 7
22 64 7
22 65 7
22 66 7
22 67 7
22 68 7
22 69 7
22 70 7
22 71 7
22 72 7
22 73 7
22 74 7
22 75 7
22 76 7
22 77 7
22 78 7
22 79 7
22 80 7
22 81 8
22 82 8
22 83 8
22 84 8
22 85 8
22 86 9
22 87 9
22 88 9
22 89 9
23 0 9
23 1 9
23 2 9
23 3 9
23 4 9
23 5 9
23 6 9
23 7 9
23 8 9
23 9 9
23 10 9
23 11 9
23 12 9
23 13 9
23 14 9
23 15 9
23 16 9
23 17 9
23 18 9
23 19 0
23 20 0
23 21 0
23 22 0
23 23 0
23 24 0
23 25 0
23 26 3
23 27 3
23 28 3
23 29 3
23 30 3
23 31 3
23 32 3
23 33 3
23 34 6
23 35 6
23 36 6
23 37 6
23 38 6
23 39 6
23 40 6
23 41 6
23 42 6
23 43 6
23 44 6
23 45 6
23 46 6
23 47 6
23 48 6
23 49 6
23 50 6
23 51 6
23 52 6
23 53 6
23 54 6
23 55 6
23 56 6
23 57 6
23 58 0
23 59 0
23 60 0
23 61 7
23 62 7
23 63 7
23 64 7
23 65 7
23 66 7
23 67 7
23 68 7
23 69 7
23 70 7
23 71 7
23 72 7
23 73 7
23 74 7
23 75 7
23 76 7
23 77 7
23 78 7
23 79 7
23 80 8
23 81 8
23 82 8
23 83 8
23 84 8
23 85 8
23 86 8
23 87 9
23 88 9
23 89 9
24 0 0
24 1 0
24 2 0
24 3 0
24 4 0
24 5 0
24 6 0
24 7 0
24 8 0
24 9 0
24 10 0
24 11 0
24 12 0
24 13 0
24 14 0
24 15 0
24 16 0
24 17 0
24 18 0
24 19 0
24 20 0
24 21 0
24 22 0
24 23 0
24 24 0
24 25 0
24 26 0
24 27 0
24 28 0
24 29 0
24 30 0
24 31 0
24 32 0
24 33 6
24 34 6
24 35 6
24 36 6
24 37 6
24 38 6
24 39 6
24 40 6
24 41 6
24 42 6
24 43 6
24 44 6
24 45 6
24 46 6
24 47 6
24 48 6
24 49 6
24 50 6
24 51 6
24 52 6
24 53 6
24 54 6
24 55 6
24 56 6
24 57 6
24 58 0
24 59 0
24 60 0
24 61 7
24 62 7
24 63 7
24 64 7
24 65 7
24 66 7
24 67 7
24 68 7
24 69 7
24 70 7
24 71 7
24 72 7
24 73 7
24 74 7
24 75 7
24 76 7
24 77 7
24 78 7
24 79 8
24 80 8
24 81 8
24 82 8
24 83 8
24 84 8
24 85 8
24 86 8
24 87 0
24 88 0
24 89 0
25 0 0
25 1 0
25 2 0
25 3 0
25 4 0
25 5 0
25 6 0
25 7 0
25 8 0
25 9 0
25 10 0
25 11 0
25 12 0
25 13 0
25 14 0
25 15 0
25 16 0
25 17 0
25 18 0
25 19 0
25 20 0
25 21 0
25 22 0
25 23 0
25 24 0
25 25 0
25 26 0
25 27 0
25 28 0
25 29 0
25 30 0
25 31 0
25 32 0
25 33 6
25 34 6
25 35 6
25 36 6
25 37 6
25 38 6
25 39 6
25 40 6
25 41 6
25 42 6
25 43 6
25 44 6
25 45 6
25 46 6
25 47 6
25 48 6
25 49 6
25 50 6
25 51 6
25 52 6
25 53 6
25 54 6
25 55 6
25 56 6
25 57 6
25 58 0
25 59 0
25 60 0
25 61 7
25 62 7
25 63 7
25 64 7
25 65 7
25 66 7
25 67 7
25 68 7
25 69 7
25 70 7
25 71 7
25 72 7
25 73 7
25 74 7
25 75 7
25 76 7
25 77 7
25 78 8
25 79 8
25 80 8
25 81 8
25 82 8
25 83 8
25 84 8
25 85 8
25 86 8
25 87 0
25 88 0
25 89 0
26 0 0
26 1 0
26 2 0
26 3 0
26 4 0
26 5 0
26 6 0
26 7 0
26 8 0
26 9 0
26 10 0
26 11 0
26 12 0
26 13 0
26 14 0
26 15 0
26 16 0
26 17 0
26 18 0
26 19 0
26 20 0
26 21 0
26 22 0
26 23 0
26 24 0
26 25 0
26 26 0
26 27 0
26 28 0
26 29 0
26 30 0
26 31 0
26 32 0
26 33 6
26 34 6
26 35 6
26 36 6
26 37 6
26 38 6
26 39 6
26 40 6
26 41 6
26 42 6
26 43 6
26 44 6
26 45 6
26 46 6
26 47 6
26 48 6
26 49 6
26 50 6
26 51 6
26 52 6
26 53 6
26 54 6
26 55 6
26 56 6
26 57 6
26 58 0
26 59 0
26 60 0
26 61 7
26 62 7
26 63 7
26 64 7
26 65 7
26 66 7
26 67 7
26 68 7
26 69 7
26 70 7
26 71 7
26 72 7
26 73 7
26 74 7
26 75 7
26 76 7
26 77 8
26 78 8
26 79 8
26 80 8
26 81 8
26 82 8
26 83 8
26 84 8
26 85 8
26 86 8
26 87 0
26 88 0
26 89 0
27 0 0
27 1 0
27 2 0
27 3 0
27 4 0
27 5 0
27 6 0
27 7 0
27 8 0
27 9 0
27 10 0
27 11 0
27 12 0
27 13 0
27 14 0
27 15 0
27 16 0
27 17 0
27 18 0
27 19 0
27 20 0
27 21 0
27 22 0
27 23 0
27 24 0
27 25 0
27 26 0
27 27 0
27 28 0
27 29 0
27 30 0
27 31 0
27 32 0
27 33 6
27 34 6
27 35 6
27 36 6
27 37 6
27 38 6
27 39 6
27 40 6
27 41 6
27 42 6
27 43 6
27 44 6
27 45 6
27 46 6
27 47 6
27 48 6
27 49 6
27 50 6
27 51 6
27 52 6
27 53 6
27 54 6
27 55 6
27 56 6
27 57 6
27 58 0
27 59 0
27 60 0
27 61 7
27 62 7
27 63 7
27 64 7
27 65 7
27 66 7
27 67 7
27 68 7
27 69 7
27 70 7
27 71 7
27 72 7
27 73 7
27 74 7
27 75 7
27 76 8
27 77 8
27 78 8
27 79 8
27 80 8
27 81 8
27 82 8
27 83 8
27 84 8
27 85 8
27 86 8
27 87 0
27 88 0
27 89 0
28 0 0
28 1 0
28 2 0
28 3 0
28 4 0
28 5 0
28 6 0
28 7 0
28 8 0
28 9 0
28 10 0
28 11 0
28 12 0
28 13 0
28 14 0
28 15 0
28 16 0
28 17 0
28 18 0
28 19 0
28 20 0
28 21 0
28 22 0
28 23 0
28 24 0
28 25 0
28 26 0
28 27 0
28 28 0
28 29 0
28 30 0
28 31 0
28 32 0
28 33 6
28 34 6
28 35 6
28 36 6
28 37 6
28 38 6
28 39 6
28 40 6
28 41 6
28 42 6
28 43 6
28 44 6
28 45 6
28 46 6
28 47 6
28 48 6
28 49 6
28 50 6
28 51 6
28 52 6
28 53 6
28 54 6
28 55 6
28 56 6
28 57 6
28 58 0
28 59 0
28 60 0
28 61 7
28 62 7
28 63 7
28 64 7
28 65 7
28 66 7
28 67 7
28 68 7
28 69 7
28 70 7
28 71 7
28 72 7
28 73 8
28 74 8
28 75 8
28 76 8
28 77 8
28 78 8
28 79 8
28 80 8
28 81 8
28 82 8
28 83 8
28 84 8
28 85 8
28 86 8
28 87 0
28 88 0
28 89 0
29 0 0
29 1 0
29 2 0
29 3 0
29 4 0
29 5 0
29 6 0
29 7 0
29 8 0
29 9 0
29 10 0
29 11 0
29 12 0
29 13 0
29 14 0
29 15 0
29 16 0
29 17 0
29 18 0
29 19 0
29 20 0
29 21 0
29 22 0
29 23 0
29 24 0
29 25 0
29 26 0
29 27 0
29 28 0
29 29 0
29 30 0
29 31 0
29 32 0
29 33 6
29 34 6
29 35 6
29 36 6
29 37 6
29 38 6
29 39 6
29 40 6
29 41 6
29 42 6
29 43 6
29 44 6
29 45 6
29 46 6
29 47 6
29 48 6
29 49 6
29 50 6
29 51 6
29 52 6
29 53 6
29 54 6
29 55 6
29 56 6
29 57 6
29 58 0
29 59 0
29 60 0
29 61 7
29 62 7
29 63 7
29 64 7
29 65 7
29 66 7
29 67 7
29 68 7
29 69 7
29 70 7
29 71 7
29 72 8
29 73 8
29 74 8
29 75 8
29 76 8
29 77 8
29 78 8
29 79 8
29 80 8
29 81 8
29 82 8
29 83 8
29 84 8
29 85 8
29 86 8
29 87 0
29 88 0
29 89 0
30 0 0
30 1 0
30 2 0
30 3 0
30 4 0
30 5 0
30 6 0
30 7 0
30 8 0
30 9 0
30 10 0
30 11 0
30 12 0
30 13 0
30 14 0
30 15 0
30 16 0
30 17 0
30 18 0
30 19 0
30 20 0
30 21 0
30 22 0
30 23 0
30 24 0
30 25 0
30 26 0
30 27 0
30 28 0
30 29 0
30 30 0
30 31 0
30 32 0
30 33 6
30 34 6
30 35 6
30 36 6
30 37 6
30 38 6
30 39 6
30 40 6
30 41 6
30 42 6
30 43 6
30 44 6
30 45 6
30 46 6
30 47 6
30 48 6
30 49 6
30 50 6
30 51 6
30 52 6
30 53 6
30 54 6
30 55 6
30 56 6
30 57 6
30 58 0
30 59 0
30 60 0
30 61 7
30 62 7
30 63 7
30 64 7
30 65 7
30 66 7
30 67 7
30 68 7
30 69 7
30 70 7
30 71 8
30 72 8
30 73 8
30 74 8
30 75 8
30 76 8
30 77 8
30 78 8
30 79 8
30 80 8
30 81 8
30 82 8
30 83 8
30 84 8
30 85 8
30 86 8
30 87 0
30 88 0
30 89 0
31 0 0
31 1 0
31 2 0
31 3 0
31 4 0
31 5 0
31 6 0
31 7 0
31 8 0
31 9 0
31 10 0
31 11 0
31 12 0
31 13 0
31 14 0
31 15 0
31 16 0
31 17 0
31 18 0
31 19 0
31 20 0
31 21 0
31 22 0
31 23 0
31 24 0
31 25 0
31 26 0
31 27 0
31 28 0
31 29 0
31 30 0
31 31 0
31 32 0
31 33 6
31 34 6
31 35 6
31 36 6
31 37 6
31 38 6
31 39 6
31 40 6
31 41 6
31 42 6
31 43 6
31 44 6
31 45 6
31 46 6
31 47 6
31 48 6
31 49 6
31 50 6
31 51 6
31 52 6
31 53 6
31 54 6
31 55 6
31 56 6
31 57 6
31 58 0
31 59 0
31 60 0
31 61 7
31 62 7
31 63 7
31 64 7
31 65 7
31 66 7
31 67 7
31 68 7
31 69 7
31 70 8
31 71 8
31 72 8
31 73 8
31 74 8
31 75 8
31 76 8
31 77 8
31 78 8
31 79 8
31 80 8
31 81 8
31 82 8
31 83 8
31 84 8
31 85 8
31 86 8
31 87 0
31 88 0
31 89 0
32 0 0
32 1 0
32 2 0
32 3 0
32 4 0
32 5 0
32 6 0
32 7 0
32 8 0
32 9 0
32 10 0
32 11 0
32 12 0
32 13 0
32 14 0
32 15 0
32 16 0
32 17 0
32 18 0
32 19 0
32 20 0
32 21 0
32 22 0
32 23 0
32 24 0
32 25 0
32 26 0
32 27 0
32 28 0
32 29 0
32 30 0
32 31 0
32 32 0
32 33 6
32 34 6
32 35 6
32 36 6
32 37 6
32 38 6
32 39 6
32 40 6
32 41 6
32 42 6
32 43 6
32 44 6
32 45 6
32 46 6
32 47 6
32 48 6
32 49 6
32 50 6
32 51 6
32 52 6
32 53 6
32 54 6
32 55 6
32 56 6
32 57 6
32 58 0
32 59 0
32 60 0
32 61 7
32 62 7
32 63 7
32 64 7
32 65 7
32 66 7
32 67 7
32 68 7
32 69 8
32 70 8
32 71 8
32 72 8
32 73 8
32 74 8
32 75 8
32 76 8
32 77 8
32 78 8
32 79 8
32 80 8
32 81 8
32 82 8
32 83 8
32 84 8
32 85 8
32 86 8
32 87 0
32 88 0
32 89 0
33 0 0
33 1 0
33 2 0
33 3 0
33 4 0
33 5 0
33 6 0
33 7 0
33 8 0
33 9 0
33 10 0
33 11 0
33 12 0
33 13 0
33 14 0
33 15 0
33 16 0
33 17 0
33 18 0
33 19 0
33 20 0
33 21 0
33 22 0
33 23 0
33 24 0
33 25 0
33 26 0
33 27 0
33 28 0
33 29 0
33 30 0
33 31 0
33 32 0
33 33 6
33 34 6
33 35 6
33 36 6
33 37 6
33 38 6
33 39 6
33 40 6
33 41 6
33 42 6
33 43 6
33 44 6
33 45 6
33 46 6
33 47 6
33 48 6
33 49 6
33 50 6
33 51 6
33 52 6
33 53 6
33 54 6
33 55 6
33 56 6
33 57 6
33 58 0
33 59 0
33 60 0
33 61 7
33 62 7
33 63 7
33 64 7
33 65 7
33 66 7
33 67 7
33 68 8
33 69 8
33 70 8
33 71 8
33 72 8
33 73 8
33 74 8
33 75 8
33 76 8
33 77 8
33 78 8
33 79 8
33 80 8
33 81 8
33 82 8
33 83 8
33 84 8
33 85 8
33 86 8
33 87 0
33 88 0
33 89 0
34 0 0
34 1 0
34 2 0
34 3 0
34 4 0
34 5 0
34 6 0
34 7 0
34 8 0
34 9 0
34 10 0
34 11 0
34 12 0
34 13 0
34 14 0
34 15 0
34 16 0
34 17 0
34 18 0
34 19 0
34 20 0
34 21 0
34 22 0
34 23 0
34 24 0
34 25 0
34 26 0
34 27 0
34 28 0
34 29 0
34 30 0
34 31 0
34 32 0
34 33 6
34 34 6
34 35 6
34 36 6
34 37 6
34 38 6
34 39 6
34 40 6
34 41 6
34 42 6
34 43 6
34 44 6
34 45 6
34 46 6
34 47 6
34 48 6
34 49 6
34 50 6
34 51 6
34 52 6
34 53 6
34 54 6
34 55 6
34 56 6
34 57 6
34 58 0
34 59 0
34 60 0
34 61 7
34 62 7
34 63 7
34 64 7
34 65 7
34 66 7
34 67 8
34 68 8
34 69 8
34 70 8
34 71 8
34 72 8
34 73 8
34 74 8
34 75 8
34 76 8
34 77 8
34 78 8
34 79 8
34 80 8
34 81 8
34 82 8
34 83 8
34 84 8
34 85 8
34 86 8
34 87 0
34 88 0
34 89 0
35 0 0
35 1 0
35 2 0
35 3 0
35 4 0
35 5 0
35 6 0
35 7 0
35 8 0
35 9 0
35 10 0
35 11 0
35 12 0
35 13 0
35 14 0
35 15 0
35 16 0
35 17 0
35 18 0
35 19 0
35 20 0
35 21 0
35 22 0
35 23 0
35 24 0
35 25 0
35 26 0
35 27 0
35 28 0
35 29 0
35 30 0
35 31 0
35 32 0
35 33 6
35 34 6
35 35 6
35 36 6
35 37 6
35 38 6
35 39 6
35 40 6
35 41 6
35 42 6
35 43 6
35 44 6
35 45 6
35 46 6
35 47 6
35 48 6
35 49 6
35 50 6
35 51 6
35 52 6
35 53 6
35 54 6
35 55 6
35 56 6
35 57 6
35 58 0
35 59 0
35 60 0
35 61 7
35 62 7
35 63 7
35 64 7
35 65 7
35 66 8
35 67 8
35 68 8
35 69 8
35 70 8
35 71 8
35 72 8
35 73 8
35 74 8
35 75 8
35 76 8
35 77 8
35 78 8
35 79 8
35 80 8
35 81 8
35 82 8
35 83 8
35 84 8
35 85 8
35 86 8
35 87 0
35 88 0
35 89 0
36 0 0
36 1 0
36 2 0
36 3 0
36 4 0
36 5 0
36 6 0
36 7 0
36 8 0
36 9 0
36 10 0
36 11 0
36 12 0
36 13 0
36 14 0
36 15 0
36 16 0
36 17 0
36 18 0
36 19 0
36 20 0
36 21 0
36 22 0
36 23 0
36 24 0
36 25 0
36 26 0
36 27 0
36 28 0
36 29 0
36 30 0
36 31 0
36 32 0
36 33 6
36 34 6
36 35 6
36 36 6
36 37 6
36 38 6
36 39 6
36 40 6
36 41 6
36 42 6
36 43 6
36 44 6
36 45 6
36 46 6
36 47 6
36 48 6
36 49 6
36 50 6
36 51 6
36 52 6
36 53 6
36 54 6
36 55 6
36 56 6
36 57 6
36 58 0
36 59 0
36 60 0
36 61 7
36 62 7
36 63 7
36 64 7
36 65 8
36 66 8
36 67 8
36 68 8
36 69 8
36 70 8
36 71 8
36 72 8
36 73 8
36 74 8
36 75 8
36 76 8
36 77 8
36 78 8
36 79 8
36 80 8
36 81 8
36 82 8
36 83 8
36 84 8
36 85 8
36 86 8
36 87 0
36 88 0
36 89 0
37 0 0
37 1 0
37 2 0
37 3 0
37 4 0
37 5 0
37 6 0
37 7 0
37 8 0
37 9 0
37 10 0
37 11 0
37 12 0
37 13 0
37 14 0
37 15 0
37 16 0
37 17 0
37 18 0
37 19 0
37 20 0
37 21 0
37 22 0
37 23 0
37 24 0
37 25 0
37 26 0
37 27 0
37 28 0
37 29 0
37 30 0
37 31 0
37 32 0
37 33 6
37 34 6
37 35 6
37 36 6
37 37 6
37 38 6
37 39 6
37 40 6
37 41 6
37 42 6
37 43 6
37 44 6
37 45 6
37 46 6
37 47 6
37 48 6
37 49 6
37 50 6
37 51 6
37 52 6
37 53 6
37 54 6
37 55 6
37 56 6
37 57 6
37 58 0
37 59 0
37 60 0
37 61 7
37 62 7
37 63 7
37 64 8
37 65 8
37 66 8
37 67 8
37 68 8
37 69 8
37 70 8
37 71 8
37 72 8
37 73 8
37 74 8
37 75 8
37 76 8
37 77 8
37 78 8
37 79 8
37 80 8
37 81 8
37 82 8
37 83 8
37 84 8
37 85 8
37 86 8
37 87 0
37 88 0
37 89 0
38 0 0
38 1 0
38 2 0
38 3 0
38 4 0
38 5 0
38 6 0
38 7 0
38 8 0
38 9 0
38 10 0
38 11 0
38 12 0
38 13 0
38 14 0
38 15 0
38 16 0
38 17 0
38 18 0
38 19 0
38 20 0
38 21 0
38 22 0
38 23 0
38 24 0
38 25 0
38 26 0
38 27 0
38 28 0
38 29 0
38 30 0
38 31 0
38 32 0
38 33 6
38 34 6
38 35 6
38 36 6
38 37 6
38 38 6
38 39 6
38 40 6
38 41 6
38 42 6
38 43 6
38 44 6
38 45 6
38 46 6
38 47 6
38 48 6
38 49 6
38 50 6
38 51 6
38 52 6
38 53 6
38 54 6
38 55 6
38 56 6
38 57 6
38 58 0
38 59 0
38 60 0
38 61 7
38 62 7
38 63 8
38 64 8
38 65 8
38 66 8
38 67 8
38 68 8
38 69 8
38 70 8
38 71 8
38 72 8
38 73 8
38 74 8
38 75 8
38 76 8
38 77 8
38 78 8
38 79 8
38 80 8
38 81 8
38 82 8
38 83 8
38 84 8
38 85 8
38 86 8
38 87 0
38 88 0
38 89 0
39 0 0
39 1 0
39 2 0
39 3 0
39 4 0
39 5 0
39 6 0
39 7 0
39 8 0
39 9 0
39 10 0
39 11 0
39 12 0
39 13 0
39 14 0
39 15 0
39 16 0
39 17 0
39 18 0
39 19 0
39 20 0
39 21 0
39 22 0
39 23 0
39 24 0
39 25 0
39 26 0
39 27 0
39 28 0
39 29 0
39 30 0
39 31 0
39 32 0
39 33 6
39 34 6
39 35 6
39 36 6
39 37 6
39 38 6
39 39 6
39 40 6
39 41 6
39 42 6
39 43 6
39 44 6
39 45 6
39 46 6
39 47 6
39 48 6
39 49 6
39 50 6
39 51 6
39 52 6
39 53 6
39 54 6
39 55 6
39 56 6
39 57 6
39 58 0
39 59 0
39 60 0
39 61 0
39 62 8
39 63 8
39 64 8
39 65 8
39 66 8
39 67 8
39 68 8
39 69 8
39 70 8
39 71 8
39 72 8
39 73 8
39 74 8
39 75 8
39 76 8
39 77 8
39 78 8
39 79 8
39 80 8
39 81 8
39 82 8
39 83 8
39 84 8
39 85 8
39 86 8
39 87 0
39 88 0
39 89 0
40 0 0
40 1 0
40 2 0
40 3 0
40 4 0
40 5 0
40 6 0
40 7 0
40 8 0
40 9 0
40 10 0
40 11 0
40 12 0
40 13 0
40 14 0
40 15 0
40 16 0
40 17 0
40 18 0
40 19 0
40 20 0
40 21 0
40 22 0
40 23 0
40 24 0
40 25 0
40 26 0
40 27 0
40 28 0
40 29 0
40 30 0
40 31 0
40 32 0
40 33 6
40 34 6
40 35 6
40 36 6
40 37 6
40 38 6
40 39 6
40 40 6
40 41 6
40 42 6
40 43 6
40 44 6
40 45 6
40 46 6
40 47 6
40 48 6
40 49 6
40 50 6
40 51 6
40 52 6
40 53 6
40 54 6
40 55 6
40 56 6
40 57 6
40 58 0
40 59 0
40 60 0
40 61 0
40 62 8
40 63 8
40 64 8
40 65 8
40 66 8
40 67 8
40 68 8
40 69 8
40 70 8
40 71 8
40 72 8
40 73 8
40 74 8
40 75 8
40 76 8
40 77 8
40 78 8
40 79 8
40 80 8
40 81 8
40 82 8
40 83 8
40 84 8
40 85 8
40 86 8
40 87 0
40 88 0
40 89 0
41 0 2
41 1 2
41 2 2
41 3 2
41 4 2
41 5 2
41 6 2
41 7 2
41 8 0
41 9 0
41 10 0
41 11 0
41 12 0
41 13 0
41 14 0
41 15 0
41 16 0
41 17 0
41 18 0
41 19 0
41 20 0
41 21 0
41 22 0
41 23 0
41 24 0
41 25 0
41 26 0
41 27 0
41 28 0
41 29 0
41 30 0
41 31 0
41 32 0
41 33 6
41 34 6
41 35 6
41 36 6
41 37 6
41 38 6
41 39 6
41 40 6
41 41 6
41 42 6
41 43 6
41 44 6
41 45 6
41 46 6
41 47 6
41 48 6
41 49 6
41 50 6
41 51 6
41 52 6
41 53 6
41 54 6
41 55 6
41 56 6
41 57 6
41 58 0
41 59 0
41 60 0
41 61 0
41 62 8
41 63 8
41 64 8
41 65 8
41 66 8
41 67 8
41 68 8
41 69 8
41 70 8
41 71 8
41 72 8
41 73 8
41 74 8
41 75 8
41 76 8
41 77 8
41 78 8
41 79 8
41 80 8
41 81 8
41 82 8
41 83 8
41 84 8
41 85 2
41 86 2
41 87 2
41 88 2
41 89 2
42 0 2
42 1 2
42 2 2
42 3 2
42 4 2
42 5 2
42 6 2
42 7 2
42 8 0
42 9 0
42 10 0
42 11 0
42 12 0
42 13 0
42 14 0
42 15 0
42 16 0
42 17 0
42 18 0
42 19 0
42 20 0
42 21 0
42 22 0
42 23 0
42 24 0
42 25 0
42 26 0
42 27 0
42 28 0
42 29 0
42 30 0
42 31 0
42 32 0
42 33 6
42 34 6
42 35 6
42 36 6
42 37 6
42 38 6
42 39 6
42 40 6
42 41 6
42 42 6
42 43 6
42 44 6
42 45 6
42 46 6
42 47 6
42 48 6
42 49 6
42 50 6
42 51 6
42 52 6
42 53 6
42 54 6
42 55 6
42 56 6
42 57 6
42 58 1
42 59 1
42 60 1
42 61 1
42 62 1
42 63 1
42 64 1
42 65 1
42 66 1
42 67 1
42 68 1
42 69 1
42 70 1
42 71 1
42 72 0
42 73 2
42 74 2
42 75 2
42 76 2
42 77 2
42 78 2
42 79 2
42 80 2
42 81 2
42 82 2
42 83 2
42 84 2
42 85 2
42 86 2
42 87 2
42 88 2
42 89 2
43 0 2
43 1 2
43 2 2
43 3 2
43 4 2
43 5 2
43 6 2
43 7 2
43 8 0
43 9 0
43 10 0
43 11 0
43 12 0
43 13 0
43 14 0
43 15 0
43 16 0
43 17 0
43 18 0
43 19 0
43 20 0
43 21 0
43 22 0
43 23 0
43 24 0
43 25 0
43 26 0
43 27 0
43 28 0
43 29 0
43 30 0
43 31 0
43 32 0
43 33 6
43 34 6
43 35 6
43 36 6
43 37 6
43 38 6
43 39 6
43 40 6
43 41 6
43 42 6
43 43 6
43 44 6
43 45 6
43 46 6
43 47 6
43 48 1
43 49 1
43 50 1
43 51 1
43 52 1
43 53 1
43 54 1
43 55 1
43 56 1
43 57 1
43 58 1
43 59 1
43 60 1
43 61 1
43 62 1
43 63 1
43 64 1
43 65 1
43 66 1
43 67 1
43 68 1
43 69 1
43 70 1
43 71 1
43 72 0
43 73 2
43 74 2
43 75 2
43 76 2
43 77 2
43 78 2
43 79 2
43 80 2
43 81 2
43 82 2
43 83 2
43 84 2
43 85 2
43 86 2
43 87 2
43 88 2
43 89 2
44 0 2
44 1 2
44 2 2
44 3 2
44 4 2
44 5 2
44 6 2
44 7 2
44 8 0
44 9 0
44 10 0
44 11 0
44 12 0
44 13 0
44 14 0
44 15 0
44 16 0
44 17 0
44 18 0
44 19 0
44 20 0
44 21 0
44 22 0
44 23 0
44 24 0
44 25 0
44 26 0
44 27 0
44 28 0
44 29 0
44 30 0
44 31 0
44 32 0
44 33 0
44 34 0
44 35 0
44 36 0
44 37 0
44 38 0
44 39 0
44 40 0
44 41 0
44 42 0
44 43 0
44 44 0
44 45 0
44 46 0
44 47 1
44 48 1
44 49 1
44 50 1
44 51 1
44 52 1
44 53 1
44 54 1
44 55 1
44 56 1
44 57 1
44 58 1
44 59 1
44 60 1
44 61 1
44 62 1
44 63 1
44 64 1
44 65 1
44 66 1
44 67 1
44 68 1
44 69 1
44 70 1
44 71 1
44 72 0
44 73 2
44 74 2
44 75 2
44 76 2
44 77 2
44 78 2
44 79 2
44 80 2
44 81 2
44 82 2
44 83 2
44 84 2
44 85 2
44 86 2
44 87 2
44 88 2
44 89 2
45 0 2
45 1 2
45 2 2
45 3 2
45 4 2
45 5 2
45 6 2
45 7 2
45 8 0
45 9 0
45 10 0
45 11 0
45 12 0
45 13 0
45 14 0
45 15 0
45 16 0
45 17 0
45 18 0
45 19 0
45 20 0
45 21 0
45 22 0
45 23 0
45 24 0
45 25 0
45 26 0
45 27 0
45 28 0
45 29 0
45 30 0
45 31 0
45 32 0
45 33 0
45 34 0
45 35 0
45 36 0
45 37 0
45 38 0
45 39 0
45 40 0
45 41 0
45 42 0
45 43 0
45 44 0
45 45 0
45 46 0
45 47 1
45 48 1
45 49 1
45 50 1
45 51 1
45 52 1
45 53 1
45 54 1
45 55 1
45 56 1
45 57 1
45 58 1
45 59 1
45 60 1
45 61 1
45 62 1
45 63 1
45 64 1
45 65 1
45 66 1
45 67 1
45 68 1
45 69 1
45 70 1
45 71 1
45 72 0
45 73 2
45 74 2
45 75 2
45 76 2
45 77 2
45 78 2
45 79 2
45 80 2
45 81 2
45 82 2
45 83 2
45 84 2
45 85 2
45 86 2
45 87 2
45 88 2
45 89 2
46 0 2
46 1 2
46 2 2
46 3 2
46 4 2
46 5 2
46 6 2
46 7 2
46 8 0
46 9 0
46 10 0
46 11 0
46 12 0
46 13 0
46 14 0
46 15 0
46 16 0
46 17 0
46 18 0
46 19 0
46 20 0
46 21 0
46 22 0
46 23 0
46 24 0
46 25 0
46 26 0
46 27 0
46 28 0
46 29 0
46 30 0
46 31 0
46 32 0
46 33 0
46 34 0
46 35 0
46 36 0
46 37 0
46 38 0
46 39 0
46 40 0
46 41 0
46 42 0
46 43 0
46 44 0
46 45 0
46 46 0
46 47 1
46 48 1
46 49 1
46 50 1
46 51 1
46 52 1
46 53 1
46 54 1
46 55 1
46 56 1
46 57 1
46 58 1
46 59 1
46 60 1
46 61 1
46 62 1
46 63 1
46 64 1
46 65 1
46 66 1
46 67 1
46 68 1
46 69 1
46 70 1
46 71 1
46 72 0
46 73 2
46 74 2
46 75 2
46 76 2
46 77 2
46 78 2
46 79 2
46 80 2
46 81 2
46 82 2
46 83 2
46 84 2
46 85 2
46 86 2
46 87 2
46 88 2
46 89 2
47 0 2
47 1 2
47 2 2
47 3 2
47 4 2
47 5 2
47 6 2
47 7 2
47 8 0
47 9 0
47 10 0
47 11 0
47 12 0
47 13 0
47 14 0
47 15 0
47 16 0
47 17 0
47 18 0
47 19 0
47 20 0
47 21 0
47 22 0
47 23 0
47 24 0
47 25 0
47 26 0
47 27 0
47 28 0
47 29 0
47 30 0
47 31 0
47 32 0
47 33 0
47 34 0
47 35 0
47 36 0
47 37 0
47 38 0
47 39 0
47 40 0
47 41 0
47 42 0
47 43 0
47 44 0
47 45 0
47 46 0
47 47 1
47 48 1
47 49 1
47 50 1
47 51 1
47 52 1
47 53 1
47 54 1
47 55 1
47 56 1
47 57 1
47 58 1
47 59 1
47 60 1
47 61 1
47 62 1
47 63 1
47 64 1
47 65 1
47 66 1
47 67 1
47 68 1
47 69 1
47 70 1
47 71 1
47 72 0
47 73 2
47 74 2
47 75 2
47 76 2
47 77 2
47 78 2
47 79 2
47 80 2
47 81 2
47 82 2
47 83 2
47 84 2
47 85 2
47 86 2
47 87 2
47 88 2
47 89 2
48 0 2
48 1 2
48 2 2
48 3 2
48 4 2
48 5 2
48 6 2
48 7 2
48 8 0
48 9 0
48 10 0
48 11 0
48 12 0
48 13 0
48 14 0
48 15 0
48 16 0
48 17 0
48 18 0
48 19 0
48 20 0
48 21 0
48 22 0
48 23 0
48 24 0
48 25 0
48 26 0
48 27 0
48 28 0
48 29 0
48 30 0
48 31 0
48 32 0
48 33 0
48 34 0
48 35 0
48 36 0
48 37 0
48 38 0
48 39 0
48 40 0
48 41 0
48 42 0
48 43 0
48 44 0
48 45 0
48 46 0
48 47 1
48 48 1
48 49 1
48 50 1
48 51 1
48 52 1
48 53 1
48 54 1
48 55 1
48 56 1
48 57 1
48 58 1
48 59 1
48 60 1
48 61 1
48 62 1
48 63 1
48 64 1
48 65 1
48 66 1
48 67 1
48 68 1
48 69 1
48 70 1
48 71 1
48 72 0
48 73 2
48 74 2
48 75 2
48 76 2
48 77 2
48 78 2
48 79 2
48 80 2
48 81 2
48 82 2
48 83 2
48 84 2
48 85 2
48 86 2
48 87 2
48 88 2
48 89 2
49 0 2
49 1 2
49 2 2
49 3 2
49 4 2
49 5 2
49 6 2
49 7 2
49 8 0
49 9 0
49 10 0
49 11 0
49 12 0
49 13 0
49 14 0
49 15 0
49 16 0
49 17 0
49 18 0
49 19 0
49 20 0
49 21 0
49 22 0
49 23 0
49 24 0
49 25 0
49 26 0
49 27 0
49 28 0
49 29 0
49 30 0
49 31 0
49 32 0
49 33 0
49 34 0
49 35 0
49 36 0
49 37 0
49 38 0
49 39 0
49 40 0
49 41 0
49 42 0
49 43 0
49 44 0
49 45 0
49 46 0
49 47 1
49 48 1
49 49 1
49 50 1
49 51 1
49 52 1
49 53 1
49 54 1
49 55 1
49 56 1
49 57 1
49 58 1
49 59 1
49 60 1
49 61 1
49 62 1
49 63 1
49 64 1
49 65 1
49 66 1
49 67 1
49 68 1
49 69 1
49 70 1
49 71 1
49 72 0
49 73 2
49 74 2
49 75 2
49 76 2
49 77 2
49 78 2
49 79 2
49 80 2
49 81 2
49 82 2
49 83 2
49 84 2
49 85 2
49 86 2
49 87 2
49 88 2
49 89 2
50 0 2
50 1 2
50 2 2
50 3 2
50 4 2
50 5 2
50 6 2
50 7 2
50 8 0
50 9 0
50 10 0
50 11 0
50 12 0
50 13 0
50 14 0
50 15 0
50 16 0
50 17 0
50 18 0
50 19 0
50 20 0
50 21 0
50 22 0
50 23 0
50 24 0
50 25 0
50 26 0
50 27 0
50 28 0
50 29 0
50 30 0
50 31 0
50 32 0
50 33 0
50 34 0
50 35 0
50 36 0
50 37 0
50 38 0
50 39 0
50 40 0
50 41 0
50 42 0
50 43 0
50 44 0
50 45 0
50 46 0
50 47 1
50 48 1
50 49 1
50 50 1
50 51 1
50 52 1
50 53 1
50 54 1
50 55 1
50 56 1
50 57 1
50 58 1
50 59 1
50 60 1
50 61 1
50 62 1
50 63 1
50 64 1
50 65 1
50 66 1
50 67 1
50 68 1
50 69 1
50 70 1
50 71 1
50 72 0
50 73 2
50 74 2
50 75 2
50 76 2
50 77 2
50 78 2
50 79 2
50 80 2
50 81 2
50 82 2
50 83 2
50 84 2
50 85 2
50 86 2
50 87 2
50 88 2
50 89 2
51 0 2
51 1 2
51 2 2
51 3 2
51 4 2
51 5 2
51 6 2
51 7 2
51 8 0
51 9 0
51 10 0
51 11 0
51 12 0
51 13 0
51 14 0
51 15 0
51 16 0
51 17 0
51 18 0
51 19 0
51 20 0
51 21 0
51 22 0
51 23 0
51 24 0
51 25 0
51 26 0
51 27 0
51 28 0
51 29 0
51 30 0
51 31 0
51 32 0
51 33 0
51 34 0
51 35 0
51 36 0
51 37 0
51 38 0
51 39 0
51 40 0
51 41 0
51 42 0
51 43 0
51 44 0
51 45 0
51 46 0
51 47 1
51 48 1
51 49 1
51 50 1
51 51 1
51 52 1
51 53 1
51 54 1
51 55 1
51 56 1
51 57 1
51 58 1
51 59 1
51 60 1
51 61 1
51 62 1
51 63 1
51 64 1
51 65 1
51 66 1
51 67 1
51 68 1
51 69 1
51 70 1
51 71 10
51 72 10
51 73 10
51 74 2
51 75 2
51 76 2
51 77 2
51 78 2
51 79 2
51 80 2
51 81 2
51 82 2
51 83 2
51 84 2
51 85 2
51 86 2
51 87 2
51 88 2
51 89 2
52 0 2
52 1 2
52 2 2
52 3 2
52 4 2
52 5 2
52 6 2
52 7 2
52 8 0
52 9 0
52 10 0
52 11 0
52 12 0
52 13 0
52 14 0
52 15 0
52 16 0
52 17 0
52 18 0
52 19 0
52 20 0
52 21 0
52 22 0
52 23 0
52 24 0
52 25 0
52 26 0
52 27 0
52 28 0
52 29 0
52 30 0
52 31 0
52 32 0
52 33 0
52 34 0
52 35 0
52 36 0
52 37 0
52 38 0
52 39 0
52 40 0
52 41 0
52 42 0
52 43 0
52 44 0
52 45 0
52 46 0
52 47 1
52 48 1
52 49 1
52 50 1
52 51 1
52 52 1
52 53 1
52 54 1
52 55 1
52 56 1
52 57 1
52 58 1
52 59 1
52 60 1
52 61 1
52 62 1
52 63 1
52 64 1
52 65 1
52 66 1
52 67 1
52 68 1
52 69 1
52 70 1
52 71 10
52 72 10
52 73 10
52 74 10
52 75 2
52 76 2
52 77 2
52 78 2
52 79 2
52 80 2
52 81 2
52 82 2
52 83 2
52 84 2
52 85 2
52 86 2
52 87 2
52 88 2
52 89 2
53 0 2
53 1 2
53 2 2
53 3 2
53 4 2
53 5 2
53 6 2
53 7 2
53 8 0
53 9 0
53 10 0
53 11 0
53 12 0
53 13 0
53 14 0
53 15 0
53 16 0
53 17 0
53 18 0
53 19 0
53 20 0
53 21 0
53 22 0
53 23 0
53 24 0
53 25 0
53 26 0
53 27 0
53 28 0
53 29 0
53 30 0
53 31 0
53 32 0
53 33 0
53 34 0
53 35 0
53 36 0
53 37 0
53 38 0
53 39 0
53 40 0
53 41 0
53 42 0
53 43 0
53 44 0
53 45 0
53 46 0
53 47 1
53 48 1
53 49 1
53 50 1
53 51 1
53 52 1
53 53 1
53 54 1
53 55 1
53 56 1
53 57 1
53 58 1
53 59 1
53 60 1
53 61 1
53 62 1
53 63 1
53 64 1
53 65 1
53 66 1
53 67 1
53 68 1
53 69 1
53 70 10
53 71 10
53 72 10
53 73 10
53 74 10
53 75 10
53 76 2
53 77 2
53 78 2
53 79 2
53 80 2
53 81 2
53 82 2
53 83 2
53 84 2
53 85 2
53 86 2
53 87 2
53 88 2
53 89 2
54 0 2
54 1 2
54 2 2
54 3 2
54 4 2
54 5 2
54 6 2
54 7 2
54 8 0
54 9 0
54 10 0
54 11 0
54 12 0
54 13 0
54 14 0
54 15 0
54 16 0
54 17 0
54 18 0
54 19 0
54 20 0
54 21 0
54 22 0
54 23 0
54 24 0
54 25 0
54 26 0
54 27 0
54 28 0
54 29 0
54 30 0
54 31 0
54 32 0
54 33 0
54 34 0
54 35 0
54 36 0
54 37 0
54 38 0
54 39 0
54 40 0
54 41 0
54 42 0
54 43 0
54 44 0
54 45 0
54 46 0
54 47 1
54 48 1
54 49 1
54 50 1
54 51 1
54 52 1
54 53 1
54 54 1
54 55 1
54 56 1
54 57 1
54 58 1
54 59 1
54 60 1
54 61 1
54 62 1
54 63 1
54 64 1
54 65 1
54 66 1
54 67 1
54 68 1
54 69 1
54 70 10
54 71 10
54 72 10
54 73 10
54 74 10
54 75 10
54 76 10
54 77 2
54 78 2
54 79 2
54 80 2
54 81 2
54 82 2
54 83 2
54 84 2
54 85 2
54 86 2
54 87 2
54 88 2
54 89 2
55 0 2
55 1 2
55 2 2
55 3 2
55 4 2
55 5 2
55 6 2
55 7 2
55 8 0
55 9 0
55 10 0
55 11 0
55 12 0
55 13 0
55 14 0
55 15 0
55 16 0
55 17 0
55 18 0
55 19 0
55 20 0
55 21 0
55 22 0
55 23 0
55 24 0
55 25 0
55 26 0
55 27 0
55 28 0
55 29 0
55 30 0
55 31 0
55 32 0
55 33 0
55 34 0
55 35 0
55 36 0
55 37 0
55 38 0
55 39 0
55 40 0
55 41 0
55 42 0
55 43 0
55 44 0
55 45 0
55 46 0
55 47 1
55 48 1
55 49 1
55 50 1
55 51 1
55 52 1
55 53 1
55 54 1
55 55 1
55 56 1
55 57 1
55 58 1
55 59 1
55 60 1
55 61 1
55 62 1
55 63 1
55 64 1
55 65 1
55 66 1
55 67 1
55 68 1
55 69 1
55 70 10
55 71 10
55 72 10
55 73 10
55 74 10
55 75 10
55 76 10
55 77 10
55 78 2
55 79 2
55 80 2
55 81 2
55 82 2
55 83 2
55 84 2
55 85 2
55 86 2
55 87 2
55 88 2
55 89 2
56 0 2
56 1 2
56 2 2
56 3 2
56 4 2
56 5 2
56 6 2
56 7 2
56 8 0
56 9 0
56 10 0
56 11 0
56 12 0
56 13 0
56 14 0
56 15 0
56 16 0
56 17 0
56 18 0
56 19 0
56 20 0
56 21 0
56 22 0
56 23 0
56 24 0
56 25 0
56 26 0
56 27 0
56 28 0
56 29 0
56 30 0
56 31 0
56 32 0
56 33 0
56 34 0
56 35 0
56 36 0
56 37 0
56 38 0
56 39 0
56 40 0
56 41 0
56 42 0
56 43 0
56 44 0
56 45 0
56 46 0
56 47 1
56 48 1
56 49 1
56 50 1
56 51 1
56 52 1
56 53 1
56 54 1
56 55 1
56 56 1
56 57 1
56 58 1
56 59 1
56 60 1
56 61 1
56 62 1
56 63 1
56 64 1
56 65 1
56 66 1
56 67 1
56 68 1
56 69 1
56 70 10
56 71 10
56 72 10
56 73 10
56 74 10
56 75 10
56 76 10
56 77 10
56 78 10
56 79 2
56 80 2
56 81 2
56 82 2
56 83 2
56 84 2
56 85 2
56 86 2
56 87 2
56 88 2
56 89 2
57 0 2
57 1 2
57 2 2
57 3 2
57 4 2
57 5 2
57 6 2
57 7 2
57 8 0
57 9 0
57 10 0
57 11 0
57 12 0
57 13 0
57 14 0
57 15 0
57 16 0
57 17 0
57 18 0
57 19 0
57 20 0
57 21 0
57 22 0
57 23 0
57 24 0
57 25 0
57 26 0
57 27 0
57 28 0
57 29 0
57 30 0
57 31 0
57 32 0
57 33 0
57 34 0
57 35 0
57 36 0
57 37 0
57 38 0
57 39 0
57 40 0
57 41 0
57 42 0
57 43 0
57 44 0
57 45 0
57 46 0
57 47 1
57 48 1
57 49 1
57 50 1
57 51 1
57 52 1
57 53 1
57 54 1
57 55 1
57 56 1
57 57 1
57 58 1
57 59 1
57 60 1
57 61 1
57 62 1
57 63 1
57 64 1
57 65 1
57 66 1
57 67 1
57 68 1
57 69 1
57 70 10
57 71 10
57 72 10
57 73 10
57 74 10
57 75 10
57 76 10
57 77 10
57 78 10
57 79 10
57 80 2
57 81 2
57 82 2
57 83 2
57 84 2
57 85 2
57 86 2
57 87 2
57 88 2
57 89 2
58 0 2
58 1 2
58 2 2
58 3 2
58 4 2
58 5 2
58 6 2
58 7 2
58 8 0
58 9 0
58 10 0
58 11 0
58 12 0
58 13 0
58 14 0
58 15 0
58 16 0
58 17 0
58 18 0
58 19 0
58 20 0
58 21 0
58 22 0
58 23 0
58 24 0
58 25 0
58 26 0
58 27 0
58 28 0
58 29 0
58 30 0
58 31 0
58 32 0
58 33 0
58 34 0
58 35 0
58 36 0
58 37 0
58 38 0
58 39 0
58 40 0
58 41 0
58 42 0
58 43 0
58 44 0
58 45 0
58 46 0
58 47 1
58 48 1
58 49 1
58 50 1
58 51 1
58 52 1
58 53 1
58 54 1
58 55 1
58 56 1
58 57 1
58 58 1
58 59 1
58 60 1
58 61 1
58 62 1
58 63 1
58 64 1
58 65 1
58 66 1
58 67 1
58 68 1
58 69 1
58 70 10
58 71 10
58 72 10
58 73 10
58 74 10
58 75 10
58 76 10
58 77 10
58 78 10
58 79 10
58 80 10
58 81 10
58 82 10
58 83 10
58 84 10
58 85 2
58 86 2
58 87 2
58 88 2
58 89 2
59 0 2
59 1 2
59 2 2
59 3 2
59 4 2
59 5 2
59 6 2
59 7 2
59 8 0
59 9 0
59 10 0
59 11 0
59 12 0
59 13 0
59 14 0
59 15 0
59 16 0
59 17 0
59 18 0
59 19 0
59 20 0
59 21 0
59 22 0
59 23 0
59 24 0
59 25 0
59 26 0
59 27 0
59 28 0
59 29 0
59 30 0
59 31 0
59 32 0
59 33 0
59 34 0
59 35 0
59 36 0
59 37 0
59 38 0
59 39 0
59 40 0
59 41 0
59 42 0
59 43 0
59 44 0
59 45 0
59 46 0
59 47 1
59 48 1
59 49 1
59 50 1
59 51 1
59 52 1
59 53 1
59 54 1
59 55 1
59 56 1
59 57 1
59 58 1
59 59 1
59 60 1
59 61 1
59 62 1
59 63 1
59 64 1
59 65 1
59 66 1
59 67 1
59 68 1
59 69 1
59 70 10
59 71 10
59 72 10
59 73 10
59 74 10
59 75 10
59 76 10
59 77 10
59 78 10
59 79 10
59 80 10
59 81 10
59 82 10
59 83 10
59 84 10
59 85 10
59 86 10
59 87 2
59 88 2
59 89 2
60 0 2
60 1 2
60 2 2
60 3 2
60 4 2
60 5 2
60 6 2
60 7 2
60 8 0
60 9 0
60 10 0
60 11 0
60 12 0
60 13 0
60 14 0
60 15 0
60 16 0
60 17 0
60 18 0
60 19 0
60 20 0
60 21 0
60 22 0
60 23 0
60 24 0
60 25 0
60 26 0
60 27 0
60 28 0
60 29 0
60 30 0
60 31 0
60 32 0
60 33 0
60 34 0
60 35 0
60 36 0
60 37 0
60 38 0
60 39 0
60 40 0
60 41 0
60 42 0
60 43 0
60 44 0
60 45 0
60 46 0
60 47 1
60 48 1
60 49 1
60 50 1
60 51 1
60 52 1
60 53 1
60 54 1
60 55 1
60 56 1
60 57 1
60 58 1
60 59 1
60 60 1
60 61 1
60 62 1
60 63 1
60 64 1
60 65 1
60 66 1
60 67 1
60 68 1
60 69 1
60 70 10
60 71 10
60 72 10
60 73 10
60 74 10
60 75 10
60 76 10
60 77 10
60 78 10
60 79 10
60 80 10
60 81 10
60 82 10
60 83 10
60 84 10
60 85 10
60 86 10
60 87 10
60 88 2
60 89 2
61 0 2
61 1 2
61 2 2
61 3 2
61 4 2
61 5 2
61 6 2
61 7 2
61 8 0
61 9 0
61 10 0
61 11 0
61 12 0
61 13 0
61 14 0
61 15 0
61 16 0
61 17 0
61 18 0
61 19 0
61 20 0
61 21 0
61 22 0
61 23 0
61 24 0
61 25 0
61 26 0
61 27 0
61 28 0
61 29 0
61 30 0
61 31 0
61 32 0
61 33 0
61 34 0
61 35 0
61 36 0
61 37 0
61 38 0
61 39 0
61 40 0
61 41 0
61 42 0
61 43 0
61 44 0
61 45 0
61 46 0
61 47 1
61 48 1
61 49 1
61 50 1
61 51 1
61 52 1
61 53 1
61 54 1
61 55 1
61 56 1
61 57 1
61 58 1
61 59 1
61 60 1
61 61 1
61 62 1
61 63 1
61 64 1
61 65 1
61 66 1
61 67 1
61 68 1
61 69 1
61 70 10
61 71 10
61 72 10
61 73 10
61 74 10
61 75 10
61 76 10
61 77 10
61 78 10
61 79 10
61 80 10
61 81 10
61 82 10
61 83 10
61 84 10
61 85 10
61 86 10
61 87 10
61 88 10
61 89 2
62 0 2
62 1 2
62 2 2
62 3 2
62 4 2
62 5 2
62 6 2
62 7 2
62 8 0
62 9 0
62 10 0
62 11 0
62 12 0
62 13 0
62 14 0
62 15 0
62 16 0
62 17 0
62 18 0
62 19 0
62 20 0
62 21 0
62 22 0
62 23 0
62 24 0
62 25 0
62 26 0
62 27 0
62 28 0
62 29 0
62 30 0
62 31 0
62 32 0
62 33 0
62 34 0
62 35 0
62 36 0
62 37 0
62 38 0
62 39 0
62 40 0
62 41 0
62 42 0
62 43 0
62 44 0
62 45 0
62 46 0
62 47 1
62 48 1
62 49 1
62 50 1
62 51 1
62 52 1
62 53 1
62 54 1
62 55 1
62 56 1
62 57 1
62 58 1
62 59 1
62 60 1
62 61 1
62 62 1
62 63 1
62 64 1
62 65 1
62 66 1
62 67 1
62 68 1
62 69 1
62 70 10
62 71 10
62 72 10
62 73 10
62 74 10
62 75 10
62 76 10
62 77 10
62 78 10
62 79 10
62 80 10
62 81 10
62 82 10
62 83 10
62 84 10
62 85 10
62 86 10
62 87 10
62 88 10
62 89 10
63 0 10
63 1 2
63 2 2
63 3 2
63 4 2
63 5 2
63 6 2
63 7 2
63 8 0
63 9 0
63 10 0
63 11 0
63 12 0
63 13 0
63 14 0
63 15 0
63 16 0
63 17 0
63 18 0
63 19 0
63 20 0
63 21 0
63 22 0
63 23 0
63 24 0
63 25 0
63 26 0
63 27 0
63 28 0
63 29 0
63 30 0
63 31 0
63 32 0
63 33 0
63 34 0
63 35 0
63 36 0
63 37 0
63 38 0
63 39 0
63 40 0
63 41 0
63 42 0
63 43 0
63 44 0
63 45 0
63 46 0
63 47 1
63 48 1
63 49 1
63 50 1
63 51 1
63 52 1
63 53 1
63 54 1
63 55 1
63 56 1
63 57 1
63 58 1
63 59 1
63 60 1
63 61 1
63 62 1
63 63 1
63 64 1
63 65 1
63 66 1
63 67 1
63 68 1
63 69 1
63 70 10
63 71 10
63 72 10
63 73 10
63 74 10
63 75 10
63 76 10
63 77 10
63 78 10
63 79 10
63 80 10
63 81 10
63 82 10
63 83 10
63 84 10
63 85 10
63 86 10
63 87 10
63 88 10
63 89 10
64 0 10
64 1 10
64 2 2
64 3 2
64 4 2
64 5 2
64 6 2
64 7 2
64 8 0
64 9 0
64 10 0
64 11 0
64 12 0
64 13 0
64 14 0
64 15 0
64 16 0
64 17 0
64 18 0
64 19 0
64 20 0
64 21 0
64 22 0
64 23 0
64 24 0
64 25 0
64 26 0
64 27 0
64 28 0
64 29 0
64 30 0
64 31 0
64 32 0
64 33 0
64 34 0
64 35 0
64 36 0
64 37 0
64 38 0
64 39 0
64 40 0
64 41 0
64 42 0
64 43 0
64 44 0
64 45 0
64 46 0
64 47 1
64 48 1
64 49 1
64 50 1
64 51 1
64 52 1
64 53 1
64 54 1
64 55 1
64 56 1
64 57 1
64 58 1
64 59 1
64 60 1
64 61 1
64 62 1
64 63 1
64 64 1
64 65 1
64 66 1
64 67 1
64 68 1
64 69 1
64 70 10
64 71 10
64 72 10
64 73 10
64 74 10
64 75 10
64 76 10
64 77 10
64 78 10
64 79 10
64 80 10
64 81 10
64 82 10
64 83 10
64 84 10
64 85 10
64 86 10
64 87 10
64 88 10
64 89 10
65 0 10
65 1 10
65 2 10
65 3 2
65 4 2
65 5 2
65 6 2
65 7 2
65 8 0
65 9 0
65 10 0
65 11 0
65 12 0
65 13 0
65 14 0
65 15 0
65 16 0
65 17 0
65 18 0
65 19 0
65 20 0
65 21 0
65 22 0
65 23 0
65 24 0
65 25 0
65 26 0
65 27 0
65 28 0
65 29 0
65 30 0
65 31 0
65 32 0
65 33 0
65 34 0
65 35 0
65 36 0
65 37 0
65 38 0
65 39 0
65 40 0
65 41 0
65 42 0
65 43 0
65 44 0
65 45 0
65 46 0
65 47 1
65 48 1
65 49 1
65 50 1
65 51 1
65 52 1
65 53 1
65 54 1
65 55 1
65 56 1
65 57 1
65 58 1
65 59 1
65 60 1
65 61 1
65 62 1
65 63 1
65 64 1
65 65 1
65 66 1
65 67 1
65 68 1
65 69 1
65 70 10
65 71 10
65 72 10
65 73 10
65 74 10
65 75 10
65 76 10
65 77 10
65 78 10
65 79 10
65 80 10
65 81 10
65 82 10
65 83 10
65 84 10
65 85 10
65 86 10
65 87 10
65 88 10
65 89 10
66 0 10
66 1 10
66 2 10
66 3 10
66 4 0
66 5 0
66 6 0
66 7 0
66 8 0
66 9 0
66 10 0
66 11 0
66 12 0
66 13 0
66 14 0
66 15 0
66 16 0
66 17 0
66 18 0
66 19 0
66 20 0
66 21 0
66 22 0
66 23 0
66 24 0
66 25 0
66 26 0
66 27 0
66 28 0
66 29 0
66 30 0
66 31 0
66 32 0
66 33 0
66 34 0
66 35 0
66 36 0
66 37 0
66 38 0
66 39 0
66 40 0
66 41 0
66 42 0
66 43 0
66 44 0
66 45 0
66 46 0
66 47 1
66 48 1
66 49 1
66 50 1
66 51 1
66 52 1
66 53 1
66 54 1
66 55 1
66 56 1
66 57 1
66 58 1
66 59 1
66 60 1
66 61 1
66 62 1
66 63 1
66 64 1
66 65 1
66 66 1
66 67 1
66 68 1
66 69 10
66 70 10
66 71 10
66 72 10
66 73 10
66 74 10
66 75 10
66 76 10
66 77 10
66 78 10
66 79 10
66 80 10
66 81 10
66 82 10
66 83 10
66 84 10
66 85 10
66 86 10
66 87 10
66 88 10
66 89 10
67 0 10
67 1 10
67 2 10
67 3 10
67 4 0
67 5 0
67 6 0
67 7 0
67 8 0
67 9 0
67 10 0
67 11 0
67 12 0
67 13 0
67 14 0
67 15 0
67 16 0
67 17 0
67 18 0
67 19 0
67 20 0
67 21 0
67 22 0
67 23 0
67 24 0
67 25 0
67 26 0
67 27 0
67 28 0
67 29 0
67 30 0
67 31 0
67 32 0
67 33 0
67 34 0
67 35 0
67 36 0
67 37 0
67 38 0
67 39 0
67 40 0
67 41 0
67 42 0
67 43 0
67 44 0
67 45 0
67 46 0
67 47 0
67 48 0
67 49 0
67 50 0
67 51 0
67 52 0
67 53 0
67 54 0
67 55 0
67 56 0
67 57 0
67 58 0
67 59 0
67 60 0
67 61 0
67 62 0
67 63 0
67 64 0
67 65 0
67 66 0
67 67 0
67 68 0
67 69 10
67 70 10
67 71 10
67 72 10
67 73 10
67 74 10
67 75 10
67 76 10
67 77 10
67 78 10
67 79 10
67 80 10
67 81 10
67 82 10
67 83 10
67 84 10
67 85 10
67 86 10
67 87 10
67 88 10
67 89 10
68 0 10
68 1 10
68 2 10
68 3 10
68 4 0
68 5 0
68 6 0
68 7 0
68 8 0
68 9 0
68 10 0
68 11 0
68 12 0
68 13 0
68 14 0
68 15 0
68 16 0
68 17 0
68 18 0
68 19 0
68 20 0
68 21 0
68 22 0
68 23 0
68 24 0
68 25 0
68 26 0
68 27 0
68 28 0
68 29 0
68 30 0
68 31 0
68 32 0
68 33 0
68 34 0
68 35 0
68 36 0
68 37 0
68 38 0
68 39 0
68 40 0
68 41 0
68 42 0
68 43 0
68 44 0
68 45 0
68 46 0
68 47 0
68 48 0
68 49 0
68 50 0
68 51 0
68 52 0
68 53 0
68 54 0
68 55 0
68 56 0
68 57 0
68 58 0
68 59 0
68 60 0
68 61 0
68 62 0
68 63 0
68 64 0
68 65 0
68 66 0
68 67 0
68 68 0
68 69 10
68 70 10
68 71 10
68 72 10
68 73 10
68 74 10
68 75 10
68 76 10
68 77 10
68 78 10
68 79 10
68 80 10
68 81 10
68 82 10
68 83 10
68 84 10
68 85 10
68 86 10
68 87 10
68 88 10
68 89 10
69 0 10
69 1 10
69 2 10
69 3 10
69 4 0
69 5 0
69 6 0
69 7 0
69 8 0
69 9 0
69 10 0
69 11 0
69 12 0
69 13 0
69 14 0
69 15 0
69 16 0
69 17 0
69 18 0
69 19 0
69 20 0
69 21 0
69 22 0
69 23 0
69 24 0
69 25 0
69 26 0
69 27 0
69 28 0
69 29 0
69 30 0
69 31 0
69 32 0
69 33 0
69 34 0
69 35 0
69 36 0
69 37 0
69 38 0
69 39 0
69 40 0
69 41 0
69 42 0
69 43 0
69 44 0
69 45 0
69 46 0
69 47 0
69 48 0
69 49 0
69 50 0
69 51 0
69 52 0
69 53 0
69 54 0
69 55 0
69 56 0
69 57 0
69 58 0
69 59 0
69 60 0
69 61 0
69 62 0
69 63 0
69 64 0
69 65 0
69 66 0
69 67 0
69 68 0
69 69 10
69 70 10
69 71 10
69 72 10
69 73 10
69 74 10
69 75 10
69 76 10
69 77 10
69 78 10
69 79 10
69 80 10
69 81 10
69 82 10
69 83 10
69 84 10
69 85 10
69 86 10
69 87 10
69 88 10
69 89 10
70 0 10
70 1 10
70 2 10
70 3 10
70 4 0
70 5 0
70 6 0
70 7 0
70 8 0
70 9 0
70 10 0
70 11 0
70 12 0
70 13 0
70 14 0
70 15 0
70 16 0
70 17 0
70 18 0
70 19 0
70 20 0
70 21 0
70 22 0
70 23 0
70 24 0
70 25 0
70 26 0
70 27 0
70 28 0
70 29 0
70 30 0
70 31 0
70 32 0
70 33 0
70 34 0
70 35 0
70 36 0
70 37 0
70 38 0
70 39 0
70 40 0
70 41 0
70 42 0
70 43 0
70 44 0
70 45 0
70 46 0
70 47 0
70 48 0
70 49 0
70 50 0
70 51 0
70 52 0
70 53 0
70 54 0
70 55 0
70 56 0
70 57 0
70 58 0
70 59 0
70 60 0
70 61 0
70 62 0
70 63 0
70 64 0
70 65 0
70 66 0
70 67 0
70 68 0
70 69 10
70 70 10
70 71 10
70 72 10
70 73 10
70 74 10
70 75 10
70 76 10
70 77 10
70 78 10
70 79 10
70 80 10
70 81 10
70 82 10
70 83 10
70 84 10
70 85 10
70 86 10
70 87 10
70 88 10
70 89 10
71 0 10
71 1 10
71 2 10
71 3 10
71 4 0
71 5 0
71 6 0
71 7 0
71 8 0
71 9 0
71 10 0
71 11 0
71 12 0
71 13 0
71 14 0
71 15 0
71 16 0
71 17 0
71 18 0
71 19 0
71 20 0
71 21 0
71 22 0
71 23 0
71 24 0
71 25 0
71 26 0
71 27 0
71 28 0
71 29 0
71 30 0
71 31 0
71 32 0
71 33 0
71 34 0
71 35 0
71 36 0
71 37 0
71 38 0
71 39 0
71 40 0
71 41 0
71 42 0
71 43 0
71 44 0
71 45 0
71 46 0
71 47 0
71 48 0
71 49 0
71 50 0
71 51 0
71 52 0
71 53 0
71 54 0
71 55 0
71 56 0
71 57 0
71 58 0
71 59 0
71 60 0
71 61 0
71 62 0
71 63 0
71 64 0
71 65 0
71 66 0
71 67 0
71 68 0
71 69 10
71 70 10
71 71 10
71 72 10
71 73 10
71 74 10
71 75 10
71 76 10
71 77 10
71 78 10
71 79 10
71 80 10
71 81 10
71 82 10
71 83 10
71 84 10
71 85 10
71 86 10
71 87 10
71 88 10
71 89 10
72 0 10
72 1 10
72 2 10
72 3 10
72 4 0
72 5 0
72 6 0
72 7 0
72 8 0
72 9 0
72 10 0
72 11 0
72 12 0
72 13 0
72 14 0
72 15 0
72 16 0
72 17 0
72 18 0
72 19 0
72 20 0
72 21 0
72 22 0
72 23 0
72 24 0
72 25 0
72 26 0
72 27 0
72 28 0
72 29 0
72 30 0
72 31 0
72 32 0
72 33 0
72 34 0
72 35 0
72 36 0
72 37 0
72 38 0
72 39 0
72 40 0
72 41 0
72 42 0
72 43 0
72 44 0
72 45 0
72 46 0
72 47 0
72 48 0
72 49 0
72 50 0
72 51 0
72 52 0
72 53 0
72 54 0
72 55 0
72 56 0
72 57 0
72 58 0
72 59 0
72 60 0
72 61 0
72 62 0
72 63 0
72 64 0
72 65 0
72 66 0
72 67 0
72 68 0
72 69 10
72 70 10
72 71 10
72 72 10
72 73 10
72 74 10
72 75 10
72 76 10
72 77 10
72 78 10
72 79 10
72 80 10
72 81 10
72 82 10
72 83 10
72 84 10
72 85 10
72 86 10
72 87 10
72 88 10
72 89 10
73 0 10
73 1 10
73 2 10
73 3 10
73 4 0
73 5 0
73 6 0
73 7 0
73 8 0
73 9 0
73 10 0
73 11 0
73 12 0
73 13 0
73 14 0
73 15 0
73 16 0
73 17 0
73 18 0
73 19 0
73 20 0
73 21 0
73 22 0
73 23 0
73 24 0
73 25 0
73 26 0
73 27 0
73 28 0
73 29 0
73 30 0
73 31 0
73 32 0
73 33 0
73 34 0
73 35 0
73 36 0
73 37 0
73 38 0
73 39 0
73 40 0
73 41 0
73 42 0
73 43 0
73 44 0
73 45 0
73 46 0
73 47 0
73 48 0
73 49 0
73 50 0
73 51 0
73 52 0
73 53 0
73 54 0
73 55 0
73 56 0
73 57 0
73 58 0
73 59 0
73 60 0
73 61 0
73 62 0
73 63 0
73 64 0
73 65 0
73 66 0
73 67 0
73 68 0
73 69 10
73 70 10
73 71 10
73 72 10
73 73 10
73 74 10
73 75 10
73 76 10
73 77 10
73 78 10
73 79 10
73 80 10
73 81 10
73 82 10
73 83 10
73 84 10
73 85 10
73 86 10
73 87 10
73 88 10
73 89 10
74 0 10
74 1 10
74 2 10
74 3 10
74 4 0
74 5 0
74 6 0
74 7 0
74 8 0
74 9 0
74 10 0
74 11 0
74 12 0
74 13 0
74 14 0
74 15 0
74 16 0
74 17 0
74 18 0
74 19 0
74 20 0
74 21 0
74 22 0
74 23 0
74 24 0
74 25 0
74 26 0
74 27 0
74 28 0
74 29 0
74 30 0
74 31 0
74 32 0
74 33 0
74 34 0
74 35 0
74 36 0
74 37 0
74 38 0
74 39 0
74 40 0
74 41 0
74 42 0
74 43 0
74 44 0
74 45 0
74 46 0
74 47 0
74 48 0
74 49 0
74 50 0
74 51 0
74 52 0
74 53 0
74 54 0
74 55 0
74 56 0
74 57 0
74 58 0
74 59 0
74 60 0
74 61 0
74 62 0
74 63 0
74 64 0
74 65 0
74 66 0
74 67 0
74 68 0
74 69 10
74 70 10
74 71 10
74 72 10
74 73 10
74 74 10
74 75 10
74 76 10
74 77 10
74 78 10
74 79 10
74 80 10
74 81 10
74 82 10
74 83 10
74 84 10
74 85 10
74 86 10
74 87 10
74 88 10
74 89 10
75 0 10
75 1 10
75 2 10
75 3 10
75 4 0
75 5 0
75 6 0
75 7 0
75 8 0
75 9 0
75 10 0
75 11 0
75 12 0
75 13 0
75 14 0
75 15 0
75 16 0
75 17 0
75 18 0
75 19 0
75 20 0
75 21 0
75 22 0
75 23 0
75 24 0
75 25 0
75 26 0
75 27 0
75 28 0
75 29 0
75 30 0
75 31 0
75 32 0
75 33 0
75 34 0
75 35 0
75 36 0
75 37 0
75 38 0
75 39 0
75 40 0
75 41 0
75 42 0
75 43 0
75 44 0
75 45 0
75 46 0
75 47 0
75 48 0
75 49 0
75 50 0
75 51 0
75 52 0
75 53 0
75 54 0
75 55 0
75 56 0
75 57 0
75 58 0
75 59 0
75 60 0
75 61 0
75 62 0
75 63 0
75 64 0
75 65 0
75 66 0
75 67 0
75 68 0
75 69 10
75 70 10
75 71 10
75 72 10
75 73 10
75 74 10
75 75 10
75 76 10
75 77 10
75 78 10
75 79 10
75 80 10
75 81 10
75 82 10
75 83 10
75 84 10
75 85 10
75 86 10
75 87 10
75 88 10
75 89 10
76 0 0
76 1 0
76 2 0
76 3 0
76 4 0
76 5 0
76 6 0
76 7 0
76 8 0
76 9 0
76 10 0
76 11 0
76 12 0
76 13 0
76 14 0
76 15 0
76 16 0
76 17 0
76 18 0
76 19 0
76 20 0
76 21 0
76 22 0
76 23 0
76 24 0
76 25 0
76 26 0
76 27 0
76 28 0
76 29 0
76 30 0
76 31 0
76 32 0
76 33 0
76 34 0
76 35 0
76 36 0
76 37 0
76 38 0
76 39 0
76 40 0
76 41 0
76 42 0
76 43 0
76 44 0
76 45 0
76 46 0
76 47 0
76 48 0
76 49 0
76 50 0
76 51 0
76 52 0
76 53 0
76 54 0
76 55 0
76 56 0
76 57 0
76 58 0
76 59 0
76 60 0
76 61 0
76 62 0
76 63 0
76 64 0
76 65 0
76 66 0
76 67 0
76 68 0
76 69 0
76 70 0
76 71 0
76 72 0
76 73 0
76 74 0
76 75 0
76 76 0
76 77 0
76 78 0
76 79 0
76 80 0
76 81 0
76 82 0
76 83 0
76 84 0
76 85 0
76 86 0
76 87 0
76 88 0
76 89 0
77 0 0
77 1 0
77 2 0
77 3 0
77 4 0
77 5 0
77 6 0
77 7 0
77 8 0
77 9 0
77 10 0
77 11 0
77 12 0
77 13 0
77 14 0
77 15 0
77 16 0
77 17 0
77 18 0
77 19 0
77 20 0
77 21 0
77 22 0
77 23 0
77 24 0
77 25 0
77 26 0
77 27 0
77 28 0
77 29 0
77 30 0
77 31 0
77 32 0
77 33 0
77 34 0
77 35 0
77 36 0
77 37 0
77 38 0
77 39 0
77 40 0
77 41 0
77 42 0
77 43 0
77 44 0
77 45 0
77 46 0
77 47 0
77 48 0
77 49 0
77 50 0
77 51 0
77 52 0
77 53 0
77 54 0
77 55 0
77 56 0
77 57 0
77 58 0
77 59 0
77 60 0
77 61 0
77 62 0
77 63 0
77 64 0
77 65 0
77 66 0
77 67 0
77 68 0
77 69 0
77 70 0
77 71 0
77 72 0
77 73 0
77 74 0
77 75 0
77 76 0
77 77 0
77 78 0
77 79 0
77 80 0
77 81 0
77 82 0
77 83 0
77 84 0
77 85 0
77 86 0
77 87 0
77 88 0
77 89 0
78 0 0
78 1 0
78 2 0
78 3 0
78 4 0
78 5 0
78 6 0
78 7 0
78 8 0
78 9 0
78 10 0
78 11 0
78 12 0
78 13 0
78 14 0
78 15 0
78 16 0
78 17 0
78 18 0
78 19 0
78 20 0
78 21 0
78 22 0
78 23 0
78 24 0
78 25 0
78 26 0
78 27 0
78 28 0
78 29 0
78 30 0
78 31 0
78 32 0
78 33 0
78 34 0
78 35 0
78 36 0
78 37 0
78 38 4
78 39 4
78 40 4
78 41 4
78 42 4
78 43 4
78 44 4
78 45 4
78 46 4
78 47 4
78 48 4
78 49 4
78 50 4
78 51 4
78 52 4
78 53 4
78 54 4
78 55 4
78 56 4
78 57 4
78 58 4
78 59 4
78 60 4
78 61 4
78 62 4
78 63 0
78 64 0
78 65 0
78 66 0
78 67 0
78 68 0
78 69 0
78 70 0
78 71 0
78 72 0
78 73 0
78 74 0
78 75 0
78 76 0
78 77 0
78 78 0
78 79 0
78 80 0
78 81 0
78 82 0
78 83 0
78 84 0
78 85 0
78 86 0
78 87 0
78 88 0
78 89 0
79 0 0
79 1 0
79 2 0
79 3 0
79 4 0
79 5 0
79 6 0
79 7 0
79 8 0
79 9 0
79 10 0
79 11 0
79 12 0
79 13 0
79 14 0
79 15 0
79 16 0
79 17 0
79 18 0
79 19 0
79 20 0
79 21 0
79 22 0
79 23 0
79 24 0
79 25 0
79 26 0
79 27 0
79 28 0
79 29 0
79 30 0
79 31 0
79 32 0
79 33 0
79 34 0
79 35 0
79 36 0
79 37 0
79 38 4
79 39 4
79 40 4
79 41 4
79 42 4
79 43 4
79 44 4
79 45 4
79 46 4
79 47 4
79 48 4
79 49 4
79 50 4
79 51 4
79 52 4
79 53 4
79 54 4
79 55 4
79 56 4
79 57 4
79 58 4
79 59 4
79 60 4
79 61 4
79 62 4
79 63 0
79 64 0
79 65 0
79 66 0
79 67 0
79 68 0
79 69 0
79 70 0
79 71 0
79 72 0
79 73 0
79 74 0
79 75 0
79 76 0
79 77 0
79 78 0
79 79 0
79 80 0
79 81 0
79 82 0
79 83 0
79 84 0
79 85 0
79 86 0
79 87 0
79 88 0
79 89 0
80 0 0
80 1 0
80 2 0
80 3 0
80 4 0
80 5 0
80 6 0
80 7 0
80 8 0
80 9 0
80 10 0
80 11 0
80 12 0
80 13 0
80 14 0
80 15 0
80 16 0
80 17 0
80 18 0
80 19 0
80 20 0
80 21 0
80 22 0
80 23 0
80 24 0
80 25 0
80 26 0
80 27 0
80 28 0
80 29 0
80 30 0
80 31 0
80 32 0
80 33 0
80 34 0
80 35 0
80 36 0
80 37 0
80 38 4
80 39 4
80 40 4
80 41 4
80 42 4
80 43 4
80 44 4
80 45 4
80 46 4
80 47 4
80 48 4
80 49 4
80 50 4
80 51 4
80 52 4
80 53 4
80 54 4
80 55 4
80 56 4
80 57 4
80 58 4
80 59 4
80 60 4
80 61 4
80 62 4
80 63 0
80 64 0
80 65 0
80 66 0
80 67 0
80 68 0
80 69 0
80 70 0
80 71 0
80 72 0
80 73 0
80 74 0
80 75 0
80 76 0
80 77 0
80 78 0
80 79 0
80 80 0
80 81 0
80 82 0
80 83 0
80 84 0
80 85 0
80 86 0
80 87 0
80 88 0
80 89 0
81 0 0
81 1 0
81 2 0
81 3 0
81 4 0
81 5 0
81 6 0
81 7 0
81 8 0
81 9 0
81 10 0
81 11 0
81 12 0
81 13 0
81 14 0
81 15 0
81 16 0
81 17 0
81 18 0
81 19 0
81 20 0
81 21 0
81 22 0
81 23 0
81 24 0
81 25 0
81 26 0
81 27 0
81 28 0
81 29 0
81 30 0
81 31 0
81 32 0
81 33 0
81 34 0
81 35 0
81 36 0
81 37 0
81 38 4
81 39 4
81 40 4
81 41 4
81 42 4
81 43 4
81 44 4
81 45 4
81 46 4
81 47 4
81 48 4
81 49 4
81 50 4
81 51 4
81 52 4
81 53 4
81 54 4
81 55 4
81 56 4
81 57 4
81 58 4
81 59 4
81 60 4
81 61 4
81 62 4
81 63 0
81 64 0
81 65 0
81 66 0
81 67 0
81 68 0
81 69 0
81 70 0
81 71 0
81 72 0
81 73 0
81 74 0
81 75 0
81 76 0
81 77 0
81 78 0
81 79 0
81 80 0
81 81 0
81 82 0
81 83 0
81 84 0
81 85 0
81 86 0
81 87 0
81 88 0
81 89 0
82 0 0
82 1 0
82 2 0
82 3 0
82 4 0
82 5 0
82 6 0
82 7 0
82 8 0
82 9 0
82 10 0
82 11 0
82 12 0
82 13 0
82 14 0
82 15 0
82 16 0
82 17 0
82 18 0
82 19 0
82 20 0
82 21 0
82 22 0
82 23 0
82 24 0
82 25 0
82 26 0
82 27 0
82 28 0
82 29 0
82 30 0
82 31 0
82 32 0
82 33 0
82 34 0
82 35 0
82 36 0
82 37 0
82 38 4
82 39 4
82 40 4
82 41 4
82 42 4
82 43 4
82 44 4
82 45 4
82 46 4
82 47 4
82 48 4
82 49 4
82 50 4
82 51 4
82 52 4
82 53 4
82 54 4
82 55 4
82 56 4
82 57 4
82 58 4
82 59 4
82 60 4
82 61 4
82 62 4
82 63 0
82 64 0
82 65 0
82 66 0
82 67 0
82 68 0
82 69 0
82 70 0
82 71 0
82 72 0
82 73 0
82 74 0
82 75 0
82 76 0
82 77 0
82 78 0
82 79 0
82 80 0
82 81 0
82 82 0
82 83 0
82 84 0
82 85 0
82 86 0
82 87 0
82 88 0
82 89 0
83 0 0
83 1 0
83 2 0
83 3 0
83 4 0
83 5 0
83 6 0
83 7 0
83 8 0
83 9 0
83 10 0
83 11 0
83 12 0
83 13 0
83 14 0
83 15 0
83 16 0
83 17 0
83 18 0
83 19 0
83 20 0
83 21 0
83 22 0
83 23 0
83 24 0
83 25 0
83 26 0
83 27 0
83 28 0
83 29 0
83 30 0
83 31 0
83 32 0
83 33 0
83 34 0
83 35 0
83 36 0
83 37 0
83 38 4
83 39 4
83 40 4
83 41 4
83 42 4
83 43 4
83 44 4
83 45 4
83 46 4
83 47 4
83 48 4
83 49 4
83 50 4
83 51 4
83 52 4
83 53 4
83 54 4
83 55 4
83 56 4
83 57 4
83 58 4
83 59 4
83 60 4
83 61 4
83 62 4
83 63 0
83 64 0
83 65 0
83 66 0
83 67 0
83 68 0
83 69 0
83 70 0
83 71 0
83 72 0
83 73 0
83 74 0
83 75 0
83 76 0
83 77 0
83 78 0
83 79 0
83 80 0
83 81 0
83 82 0
83 83 0
83 84 0
83 85 0
83 86 0
83 87 0
83 88 0
83 89 0
84 0 0
84 1 0
84 2 0
84 3 0
84 4 0
84 5 0
84 6 0
84 7 0
84 8 0
84 9 0
84 10 0
84 11 0
84 12 0
84 13 0
84 14 0
84 15 0
84 16 0
84 17 0
84 18 0
84 19 0
84 20 0
84 21 0
84 22 0
84 23 0
84 24 0
84 25 0
84 26 0
84 27 0
84 28 0
84 29 0
84 30 0
84 31 0
84 32 0
84 33 0
84 34 0
84 35 0
84 36 0
84 37 0
84 38 4
84 39 4
84 40 4
84 41 4
84 42 4
84 43 4
84 44 4
84 45 4
84 46 4
84 47 4
84 48 4
84 49 4
84 50 4
84 51 4
84 52 4
84 53 4
84 54 4
84 55 4
84 56 4
84 57 4
84 58 4
84 59 4
84 60 4
84 61 4
84 62 4
84 63 5
84 64 5
84 65 5
84 66 5
84 67 5
84 68 5
84 69 5
84 70 5
84 71 5
84 72 5
84 73 5
84 74 5
84 75 5
84 76 5
84 77 5
84 78 5
84 79 5
84 80 0
84 81 0
84 82 0
84 83 0
84 84 0
84 85 0
84 86 0
84 87 0
84 88 0
84 89 0
85 0 0
85 1 0
85 2 0
85 3 0
85 4 0
85 5 0
85 6 0
85 7 0
85 8 0
85 9 0
85 10 0
85 11 0
85 12 0
85 13 0
85 14 0
85 15 0
85 16 0
85 17 0
85 18 0
85 19 0
85 20 0
85 21 0
85 22 0
85 23 0
85 24 0
85 25 0
85 26 0
85 27 0
85 28 0
85 29 0
85 30 0
85 31 0
85 32 0
85 33 0
85 34 0
85 35 0
85 36 0
85 37 0
85 38 4
85 39 4
85 40 4
85 41 4
85 42 4
85 43 4
85 44 4
85 45 4
85 46 4
85 47 4
85 48 4
85 49 4
85 50 4
85 51 4
85 52 4
85 53 4
85 54 4
85 55 4
85 56 4
85 57 4
85 58 4
85 59 4
85 60 4
85 61 4
85 62 5
85 63 5
85 64 5
85 65 5
85 66 5
85 67 5
85 68 5
85 69 5
85 70 5
85 71 5
85 72 5
85 73 5
85 74 5
85 75 5
85 76 5
85 77 5
85 78 5
85 79 5
85 80 0
85 81 0
85 82 0
85 83 0
85 84 0
85 85 0
85 86 0
85 87 0
85 88 0
85 89 0
86 0 0
86 1 0
86 2 0
86 3 0
86 4 0
86 5 0
86 6 0
86 7 0
86 8 0
86 9 0
86 10 0
86 11 0
86 12 0
86 13 0
86 14 0
86 15 0
86 16 0
86 17 0
86 18 0
86 19 0
86 20 0
86 21 0
86 22 0
86 23 0
86 24 0
86 25 0
86 26 0
86 27 0
86 28 0
86 29 0
86 30 0
86 31 0
86 32 0
86 33 0
86 34 0
86 35 0
86 36 0
86 37 0
86 38 4
86 39 4
86 40 4
86 41 4
86 42 4
86 43 4
86 44 4
86 45 4
86 46 4
86 47 4
86 48 4
86 49 4
86 50 4
86 51 4
86 52 4
86 53 4
86 54 4
86 55 4
86 56 4
86 57 4
86 58 4
86 59 4
86 60 4
86 61 5
86 62 5
86 63 5
86 64 5
86 65 5
86 66 5
86 67 5
86 68 5
86 69 5
86 70 5
86 71 5
86 72 5
86 73 5
86 74 5
86 75 5
86 76 5
86 77 5
86 78 5
86 79 5
86 80 0
86 81 0
86 82 0
86 83 0
86 84 0
86 85 0
86 86 0
86 87 0
86 88 0
86 89 0
87 0 0
87 1 0
87 2 0
87 3 0
87 4 0
87 5 0
87 6 0
87 7 0
87 8 0
87 9 0
87 10 0
87 11 0
87 12 0
87 13 0
87 14 0
87 15 0
87 16 0
87 17 0
87 18 0
87 19 0
87 20 0
87 21 0
87 22 0
87 23 0
87 24 0
87 25 0
87 26 0
87 27 0
87 28 0
87 29 0
87 30 0
87 31 0
87 32 0
87 33 0
87 34 0
87 35 0
87 36 0
87 37 0
87 38 4
87 39 4
87 40 4
87 41 4
87 42 4
87 43 4
87 44 4
87 45 4
87 46 4
87 47 4
87 48 4
87 49 4
87 50 4
87 51 4
87 52 4
87 53 4
87 54 4
87 55 4
87 56 4
87 57 4
87 58 4
87 59 4
87 60 5
87 61 5
87 62 5
87 63 5
87 64 5
87 65 5
87 66 5
87 67 5
87 68 5
87 69 5
87 70 5
87 71 5
87 72 5
87 73 5
87 74 5
87 75 5
87 76 5
87 77 5
87 78 5
87 79 5
87 80 0
87 81 0
87 82 0
87 83 0
87 84 0
87 85 0
87 86 0
87 87 0
87 88 0
87 89 0
88 0 0
88 1 0
88 2 0
88 3 0
88 4 0
88 5 0
88 6 0
88 7 0
88 8 0
88 9 0
88 10 0
88 11 0
88 12 0
88 13 0
88 14 0
88 15 0
88 16 0
88 17 0
88 18 0
88 19 0
88 20 0
88 21 0
88 22 0
88 23 0
88 24 0
88 25 0
88 26 0
88 27 0
88 28 0
88 29 0
88 30 0
88 31 0
88 32 0
88 33 0
88 34 0
88 35 0
88 36 0
88 37 0
88 38 4
88 39 4
88 40 4
88 41 4
88 42 4
88 43 4
88 44 4
88 45 4
88 46 4
88 47 4
88 48 4
88 49 4
88 50 4
88 51 4
88 52 4
88 53 4
88 54 4
88 55 4
88 56 4
88 57 4
88 58 4
88 59 5
88 60 5
88 61 5
88 62 5
88 63 5
88 64 5
88 65 5
88 66 5
88 67 5
88 68 5
88 69 5
88 70 5
88 71 5
88 72 5
88 73 5
88 74 5
88 75 5
88 76 5
88 77 5
88 78 5
88 79 5
88 80 0
88 81 0
88 82 0
88 83 0
88 84 0
88 85 0
88 86 0
88 87 0
88 88 0
88 89 0
89 0 9
89 1 9
89 2 9
89 3 9
89 4 9
89 5 9
89 6 9
89 7 9
89 8 9
89 9 9
89 10 9
89 11 9
89 12 9
89 13 9
89 14 9
89 15 9
89 16 9
89 17 9
89 18 9
89 19 0
89 20 0
89 21 0
89 22 0
89 23 0
89 24 0
89 25 0
89 26 3
89 27 3
89 28 3
89 29 3
89 30 3
89 31 3
89 32 3
89 33 3
89 34 3
89 35 3
89 36 3
89 37 3
89 38 3
89 39 4
89 40 4
89 41 4
89 42 4
89 43 4
89 44 4
89 45 4
89 46 4
89 47 4
89 48 4
89 49 4
89 50 4
89 51 4
89 52 4
89 53 4
89 54 4
89 55 4
89 56 4
89 57 4
89 58 4
89 59 5
89 60 5
89 61 5
89 62 5
89 63 5
89 64 5
89 65 5
89 66 5
89 67 5
89 68 5
89 69 5
89 70 5
89 71 5
89 72 5
89 73 5
89 74 5
89 75 5
89 76 5
89 77 5
89 78 5
89 79 5
89 80 0
89 81 0
89 82 0
89 83 0
89 84 9
89 85 9
89 86 9
89 87 9
89 88 9
89 89 9
